5.000000000000000104e-03 3.255746500000000210e-01
1.499999999999999944e-02 1.182987999999999922e-02
2.500000000000000139e-02 1.086393000000000081e-02
3.500000000000000333e-02 8.818940000000000806e-03
4.499999999999999833e-02 6.787360000000000095e-03
5.500000000000000028e-02 5.775200000000000299e-03
6.500000000000000222e-02 6.276659999999999878e-03
7.499999999999999722e-02 6.424639999999999691e-03
8.500000000000000611e-02 7.856200000000000683e-03
9.500000000000000111e-02 1.032825000000000062e-02
1.049999999999999961e-01 8.041750000000000287e-03
1.150000000000000050e-01 6.947680000000000348e-03
1.250000000000000000e-01 5.701219999999999899e-03
1.350000000000000089e-01 3.659369999999999897e-03
1.449999999999999900e-01 2.636879999999999866e-03
1.549999999999999989e-01 2.097050000000000042e-03
1.650000000000000078e-01 1.533440000000000063e-03
1.749999999999999889e-01 1.357039999999999896e-03
1.849999999999999978e-01 1.276280000000000079e-03
1.950000000000000067e-01 1.107750000000000011e-03
2.049999999999999878e-01 9.820600000000000943e-04
2.149999999999999967e-01 8.679300000000000469e-04
2.250000000000000056e-01 7.990300000000000527e-04
2.349999999999999867e-01 6.345899999999999805e-04
2.449999999999999956e-01 5.739200000000000074e-04
2.550000000000000044e-01 4.959100000000000140e-04
2.650000000000000133e-01 4.273500000000000063e-04
2.750000000000000222e-01 3.688100000000000146e-04
2.849999999999999756e-01 3.172900000000000199e-04
2.949999999999999845e-01 3.166900000000000054e-04
3.049999999999999933e-01 3.357300000000000128e-04
3.150000000000000022e-01 2.708799999999999815e-04
3.250000000000000111e-01 2.373999999999999971e-04
3.350000000000000200e-01 1.767899999999999929e-04
3.449999999999999734e-01 1.552299999999999893e-04
3.549999999999999822e-01 1.259199999999999870e-04
3.649999999999999911e-01 9.713000000000000008e-05
3.750000000000000000e-01 8.451000000000000233e-05
3.850000000000000089e-01 7.432000000000000672e-05
3.950000000000000178e-01 5.862999999999999939e-05
4.050000000000000266e-01 5.306999999999999841e-05
4.149999999999999800e-01 4.347000000000000224e-05
4.249999999999999889e-01 3.634000000000000104e-05
4.349999999999999978e-01 7.435000000000000474e-05
4.450000000000000067e-01 1.221000000000000134e-04
4.550000000000000155e-01 1.543000000000000101e-04
4.650000000000000244e-01 1.337800000000000100e-04
4.749999999999999778e-01 9.958000000000000543e-05
4.849999999999999867e-01 9.854999999999999665e-05
4.949999999999999956e-01 8.593999999999999372e-05
5.050000000000000044e-01 9.338999999999999862e-05
5.150000000000000133e-01 7.247000000000000241e-05
5.250000000000000222e-01 3.475999999999999923e-05
5.350000000000000311e-01 3.206000000000000137e-05
5.450000000000000400e-01 3.240000000000000150e-05
5.550000000000000488e-01 3.847000000000000267e-05
5.649999999999999467e-01 4.101000000000000207e-05
5.749999999999999556e-01 4.546999999999999664e-05
5.849999999999999645e-01 4.795000000000000000e-05
5.949999999999999734e-01 5.438999999999999933e-05
6.049999999999999822e-01 6.161999999999999617e-05
6.149999999999999911e-01 7.072999999999999535e-05
6.250000000000000000e-01 7.674000000000000049e-05
6.350000000000000089e-01 8.901999999999999811e-05
6.450000000000000178e-01 9.579000000000000275e-05
6.550000000000000266e-01 1.089699999999999951e-04
6.650000000000000355e-01 1.257099999999999873e-04
6.750000000000000444e-01 1.349699999999999902e-04
6.850000000000000533e-01 1.663199999999999932e-04
6.949999999999999512e-01 2.265400000000000096e-04
7.049999999999999600e-01 3.272899999999999920e-04
7.149999999999999689e-01 3.796800000000000240e-04
7.249999999999999778e-01 4.511399999999999937e-04
7.349999999999999867e-01 5.092099999999999578e-04
7.449999999999999956e-01 5.804799999999999717e-04
7.550000000000000044e-01 6.905299999999999633e-04
7.650000000000000133e-01 7.767499999999999882e-04
7.750000000000000222e-01 9.057499999999999796e-04
7.850000000000000311e-01 9.804099999999999187e-04
7.950000000000000400e-01 1.074950000000000081e-03
8.050000000000000488e-01 1.175290000000000059e-03
8.149999999999999467e-01 1.237110000000000033e-03
8.249999999999999556e-01 1.307919999999999959e-03
8.349999999999999645e-01 1.369549999999999977e-03
8.449999999999999734e-01 1.496570000000000018e-03
8.549999999999999822e-01 1.520599999999999990e-03
8.649999999999999911e-01 1.471709999999999989e-03
8.750000000000000000e-01 1.493909999999999986e-03
8.850000000000000089e-01 1.471639999999999971e-03
8.950000000000000178e-01 1.472240000000000094e-03
9.050000000000000266e-01 1.504040000000000108e-03
9.150000000000000355e-01 1.528700000000000024e-03
9.250000000000000444e-01 1.617069999999999966e-03
9.350000000000000533e-01 1.614800000000000003e-03
9.449999999999999512e-01 1.551869999999999899e-03
9.549999999999999600e-01 1.533889999999999993e-03
9.649999999999999689e-01 1.498720000000000043e-03
9.749999999999999778e-01 1.473439999999999906e-03
9.849999999999999867e-01 1.429259999999999906e-03
9.949999999999999956e-01 1.387580000000000020e-03
1.004999999999999893e+00 1.347230000000000042e-03
1.014999999999999902e+00 1.324880000000000068e-03
1.024999999999999911e+00 1.281830000000000079e-03
1.034999999999999920e+00 1.189710000000000073e-03
1.044999999999999929e+00 1.113550000000000043e-03
1.054999999999999938e+00 1.167499999999999918e-03
1.064999999999999947e+00 1.102330000000000107e-03
1.074999999999999956e+00 1.082669999999999987e-03
1.084999999999999964e+00 1.060450000000000108e-03
1.094999999999999973e+00 1.023749999999999920e-03
1.104999999999999982e+00 9.914399999999998995e-04
1.114999999999999991e+00 9.982199999999999667e-04
1.125000000000000000e+00 9.785200000000000842e-04
1.135000000000000009e+00 9.647300000000000146e-04
1.145000000000000018e+00 9.466599999999999928e-04
1.155000000000000027e+00 9.411499999999999727e-04
1.165000000000000036e+00 9.354100000000000175e-04
1.175000000000000044e+00 9.013200000000000508e-04
1.185000000000000053e+00 8.942099999999999918e-04
1.195000000000000062e+00 8.860199999999999500e-04
1.205000000000000071e+00 8.792999999999999601e-04
1.215000000000000080e+00 8.504699999999999803e-04
1.225000000000000089e+00 8.093399999999999726e-04
1.235000000000000098e+00 8.185700000000000181e-04
1.245000000000000107e+00 7.872899999999999517e-04
1.254999999999999893e+00 7.832299999999999939e-04
1.264999999999999902e+00 7.568100000000000131e-04
1.274999999999999911e+00 7.369199999999999579e-04
1.284999999999999920e+00 7.477399999999999932e-04
1.294999999999999929e+00 7.394899999999999824e-04
1.304999999999999938e+00 7.338400000000000348e-04
1.314999999999999947e+00 7.088500000000000183e-04
1.324999999999999956e+00 6.951600000000000053e-04
1.334999999999999964e+00 7.126800000000000409e-04
1.344999999999999973e+00 6.892899999999999548e-04
1.354999999999999982e+00 6.757399999999999778e-04
1.364999999999999991e+00 6.656099999999999647e-04
1.375000000000000000e+00 6.363200000000000063e-04
1.385000000000000009e+00 6.279700000000000473e-04
1.395000000000000018e+00 6.199000000000000517e-04
1.405000000000000027e+00 5.989699999999999929e-04
1.415000000000000036e+00 5.829900000000000273e-04
1.425000000000000044e+00 5.927099999999999817e-04
1.435000000000000053e+00 5.714300000000000499e-04
1.445000000000000062e+00 5.690100000000000019e-04
1.455000000000000071e+00 5.452200000000000145e-04
1.465000000000000080e+00 5.398500000000000304e-04
1.475000000000000089e+00 5.300100000000000297e-04
1.485000000000000098e+00 5.191700000000000047e-04
1.495000000000000107e+00 5.061799999999999546e-04
1.504999999999999893e+00 4.947000000000000442e-04
1.514999999999999902e+00 4.832099999999999763e-04
1.524999999999999911e+00 4.717200000000000169e-04
1.534999999999999920e+00 4.602300000000000032e-04
1.544999999999999929e+00 4.487399999999999896e-04
1.554999999999999938e+00 4.372499999999999759e-04
1.564999999999999947e+00 4.257600000000000165e-04
1.574999999999999956e+00 4.142700000000000028e-04
1.584999999999999964e+00 4.027799999999999892e-04
1.594999999999999973e+00 3.912899999999999755e-04
1.604999999999999982e+00 3.798100000000000109e-04
1.614999999999999991e+00 3.683199999999999972e-04
