1.499999999999999944e-02 8.719048467653817136e-01
2.500000000000000139e-02 8.936621079787487876e-01
3.500000000000000333e-02 8.791862608916165556e-01
4.499999999999999833e-02 8.813194583362098378e-01
5.500000000000000722e-02 8.899503198329892228e-01
6.500000000000000222e-02 8.919750048101872109e-01
7.499999999999999722e-02 8.883412320704522358e-01
8.499999999999999223e-02 8.880694037562694154e-01
9.500000000000000111e-02 8.962684303262555829e-01
1.049999999999999961e-01 8.944272075011555634e-01
1.149999999999999911e-01 8.922499332157710628e-01
1.250000000000000000e-01 8.908843596897750849e-01
1.350000000000000089e-01 8.945788333900752676e-01
1.450000000000000178e-01 8.891505587287271695e-01
1.550000000000000266e-01 8.988643972042139607e-01
1.650000000000000078e-01 8.895575432404941862e-01
1.750000000000000167e-01 8.773835275822595703e-01
1.849999999999999978e-01 8.858465773545143307e-01
1.950000000000000067e-01 8.766670084908669835e-01
2.050000000000000155e-01 8.846573750716497653e-01
2.150000000000000244e-01 8.823510793281300613e-01
2.250000000000000056e-01 8.775077477924537739e-01
2.350000000000000144e-01 8.754806814313390584e-01
2.449999999999999956e-01 8.803397825693285439e-01
2.550000000000000044e-01 8.811991721541916345e-01
2.650000000000000133e-01 8.867077723999520211e-01
2.750000000000000222e-01 8.764071213841851948e-01
2.850000000000000311e-01 8.699255488347700238e-01
2.950000000000000400e-01 8.699259464877985293e-01
3.049999999999999933e-01 8.661203846524557770e-01
3.150000000000000022e-01 8.566918738767128616e-01
3.250000000000000111e-01 8.472325082977836264e-01
3.350000000000000200e-01 8.583822802712981481e-01
3.450000000000000289e-01 8.449444335033365894e-01
3.550000000000000377e-01 8.513398712972012339e-01
3.649999999999999911e-01 8.378376754732647091e-01
3.750000000000000000e-01 8.422059497329240640e-01
3.850000000000000089e-01 8.307332429067851853e-01
3.950000000000000178e-01 8.460547041798375245e-01
4.050000000000000266e-01 8.520242885355354678e-01
4.150000000000000355e-01 8.515501255247888146e-01
4.250000000000000444e-01 8.374742209699564954e-01
4.349999999999999978e-01 8.317321120043128513e-01
4.450000000000000067e-01 8.555655385996433493e-01
4.550000000000000155e-01 8.640419031086494783e-01
4.650000000000000244e-01 8.559898396748816252e-01
4.750000000000000333e-01 8.620766508860351340e-01
4.849999999999999867e-01 8.475605429169882354e-01
4.949999999999999956e-01 8.430512439772888111e-01
5.050000000000000044e-01 8.312319803805583440e-01
5.150000000000000133e-01 8.573619453949060665e-01
5.250000000000000222e-01 8.267445724175810362e-01
5.350000000000000311e-01 8.254725727125037382e-01
5.450000000000000400e-01 8.604708302769114026e-01
5.550000000000000488e-01 8.367841319672308931e-01
5.650000000000000577e-01 8.353855595874053463e-01
5.750000000000000666e-01 8.228856030231664898e-01
5.849999999999999645e-01 8.359946569777969572e-01
5.949999999999999734e-01 8.304874880409668370e-01
6.049999999999999822e-01 8.158335320206057117e-01
6.149999999999999911e-01 8.009589035408500868e-01
6.250000000000000000e-01 8.100107439638447593e-01
6.350000000000000089e-01 8.044227489851065727e-01
6.450000000000000178e-01 7.999082193862371293e-01
6.550000000000000266e-01 8.111476576460296961e-01
6.650000000000000355e-01 7.925805704945469987e-01
6.750000000000000444e-01 7.986895076923727910e-01
6.850000000000000533e-01 8.024613542168971270e-01
6.950000000000000622e-01 7.944698117463194764e-01
7.050000000000000711e-01 7.886022072240801428e-01
7.150000000000000799e-01 7.760060173413132478e-01
7.249999999999999778e-01 7.630568388768028676e-01
7.349999999999999867e-01 7.525302726738750669e-01
7.449999999999999956e-01 7.502677777735801135e-01
7.550000000000000044e-01 7.316699571788801704e-01
7.650000000000000133e-01 7.212826843639956742e-01
7.750000000000000222e-01 7.098240481841070482e-01
7.850000000000000311e-01 7.100792774235711313e-01
7.950000000000000400e-01 7.013787090686139925e-01
8.050000000000000488e-01 6.935645477993447328e-01
8.150000000000000577e-01 6.863826574521676438e-01
8.250000000000000666e-01 6.826171175664815793e-01
8.350000000000000755e-01 6.744840024209883822e-01
8.449999999999999734e-01 6.664704186627607996e-01
8.549999999999999822e-01 6.702349216604513993e-01
8.649999999999999911e-01 6.840120714280426562e-01
8.750000000000000000e-01 6.776711228083289740e-01
8.850000000000000089e-01 6.876415529609279931e-01
8.950000000000000178e-01 6.811506836129369580e-01
9.050000000000000266e-01 6.849861230238364351e-01
9.150000000000000355e-01 6.812795274743967955e-01
9.250000000000000444e-01 6.735771354738002703e-01
9.350000000000000533e-01 6.669944650638681694e-01
9.450000000000000622e-01 6.716092472844007455e-01
9.550000000000000711e-01 6.711562837295275141e-01
9.650000000000000799e-01 6.723071232582357171e-01
9.749999999999999778e-01 6.810752608501580152e-01
9.849999999999999867e-01 6.915246803410636245e-01
9.949999999999999956e-01 7.084363165428634312e-01
1.004999999999999893e+00 7.235040386100536347e-01
1.015000000000000124e+00 7.300489620081572761e-01
1.024999999999999911e+00 7.342269431463861462e-01
1.035000000000000142e+00 7.411850467679547139e-01
1.044999999999999929e+00 7.460121411374558420e-01
1.055000000000000160e+00 7.472233959630306677e-01
1.064999999999999947e+00 7.502780702159184134e-01
1.075000000000000178e+00 7.560688990496318151e-01
1.084999999999999964e+00 7.594255556901161608e-01
1.095000000000000195e+00 7.605469901892855100e-01
1.104999999999999982e+00 7.642510381898297567e-01
1.115000000000000213e+00 7.625750697604205541e-01
1.125000000000000000e+00 7.704041929997810234e-01
1.135000000000000231e+00 7.714301081201799803e-01
1.145000000000000018e+00 7.794628125891864823e-01
1.155000000000000249e+00 7.782414557400986199e-01
1.165000000000000036e+00 7.808640604414905928e-01
1.174999999999999822e+00 7.888550707448280797e-01
1.185000000000000053e+00 7.892061714961755570e-01
1.194999999999999840e+00 7.909075324267254015e-01
1.205000000000000071e+00 7.929796391597758731e-01
1.214999999999999858e+00 7.992148083776330347e-01
1.225000000000000089e+00 8.027548617752021665e-01
1.234999999999999876e+00 8.095393168073899970e-01
1.245000000000000107e+00 8.118984622474334500e-01
1.254999999999999893e+00 8.134847009802718132e-01
1.265000000000000124e+00 8.185719458431341966e-01
1.274999999999999911e+00 8.160229904289396652e-01
1.285000000000000142e+00 8.124141396956080508e-01
1.294999999999999929e+00 8.099569656967041675e-01
1.305000000000000160e+00 8.190556463856967229e-01
1.314999999999999947e+00 8.223815917642514073e-01
1.325000000000000178e+00 8.281748143051188560e-01
1.334999999999999964e+00 8.348160306307752521e-01
1.345000000000000195e+00 8.348158820183456674e-01
1.354999999999999982e+00 8.456087328308895534e-01
1.365000000000000213e+00 8.446916526384604662e-01
1.375000000000000000e+00 8.479178359366955631e-01
1.385000000000000231e+00 8.513752585286031849e-01
1.395000000000000018e+00 8.569260900572353012e-01
1.405000000000000249e+00 8.580485883530480917e-01
1.415000000000000036e+00 8.660286234815890438e-01
1.424999999999999822e+00 8.660742140838335601e-01
1.435000000000000053e+00 8.648420360722830491e-01
1.444999999999999840e+00 8.746000480129125787e-01
1.455000000000000071e+00 8.733926207148261511e-01
1.464999999999999858e+00 8.727535642832506824e-01
1.475000000000000089e+00 8.737408693610289045e-01
1.484999999999999876e+00 8.774414762830263781e-01
1.495000000000000107e+00 8.796332562590780668e-01
1.504999999999999893e+00 8.843241131402631572e-01
1.515000000000000124e+00 8.846151936043592512e-01
1.524999999999999911e+00 8.842058660982836660e-01
1.535000000000000142e+00 8.871864631047144956e-01
1.544999999999999929e+00 8.871776787532250630e-01
1.555000000000000160e+00 8.826382429607122493e-01
1.564999999999999947e+00 8.875628544999198954e-01
1.575000000000000178e+00 8.847150935223633272e-01
1.584999999999999964e+00 8.962694297786475417e-01
1.595000000000000195e+00 8.872019099944937759e-01
