1.499999999999999944e-02 6.209783120355710610e-03
2.500000000000000139e-02 6.250774146208778331e-03
3.500000000000000333e-02 6.283867532685507955e-03
4.499999999999999833e-02 6.344577947429013397e-03
5.500000000000000028e-02 5.857517980305090161e-03
6.500000000000000222e-02 6.115418000037775408e-03
7.499999999999999722e-02 6.141964149613270314e-03
8.500000000000000611e-02 6.431006378379219846e-03
9.500000000000000111e-02 6.359601439855629666e-03
1.049999999999999961e-01 6.097857885201857925e-03
1.150000000000000050e-01 5.568820814692523880e-03
1.250000000000000000e-01 4.815720416838338916e-03
1.350000000000000089e-01 3.902080606468566384e-03
1.449999999999999900e-01 3.223855636783844267e-03
1.549999999999999989e-01 2.578328095390339681e-03
1.650000000000000078e-01 2.084425421697200589e-03
1.749999999999999889e-01 1.753894802502440351e-03
1.849999999999999978e-01 1.503244719468820392e-03
1.950000000000000067e-01 1.333725358827748562e-03
2.049999999999999878e-01 1.204244367668348172e-03
2.149999999999999967e-01 1.133858176164450607e-03
2.250000000000000056e-01 1.025950202417469587e-03
2.349999999999999867e-01 9.219006730423496285e-04
2.449999999999999956e-01 8.183897435312159673e-04
2.550000000000000044e-01 7.368470441250868320e-04
2.650000000000000133e-01 6.590675175547133302e-04
2.750000000000000222e-01 6.190771509962558587e-04
2.849999999999999756e-01 5.734460767683468045e-04
2.949999999999999845e-01 5.313156126923031198e-04
3.049999999999999933e-01 4.862114662915688985e-04
3.150000000000000022e-01 4.467729326763928343e-04
3.250000000000000111e-01 4.108263383390162410e-04
3.350000000000000200e-01 3.646672593647784033e-04
3.449999999999999734e-01 3.296757523553852710e-04
3.549999999999999822e-01 2.833543545979815502e-04
3.649999999999999911e-01 2.515038898698004400e-04
3.750000000000000000e-01 2.186462025328470135e-04
3.850000000000000089e-01 1.929040784729446492e-04
3.950000000000000178e-01 1.761603767181951796e-04
4.050000000000000266e-01 1.713794050284903341e-04
4.149999999999999800e-01 1.761918993060559416e-04
4.249999999999999889e-01 1.915665117701065192e-04
4.349999999999999978e-01 2.013395878469780497e-04
4.450000000000000067e-01 2.035761466715134123e-04
4.550000000000000155e-01 2.042080840021584401e-04
4.650000000000000244e-01 2.015986256690440164e-04
4.749999999999999778e-01 1.963492472612674098e-04
4.849999999999999867e-01 1.857846060240755763e-04
4.949999999999999956e-01 1.647344297268625048e-04
5.050000000000000044e-01 1.498022784987546973e-04
5.150000000000000133e-01 1.295623174424612915e-04
5.250000000000000222e-01 1.254906317055180201e-04
5.350000000000000311e-01 1.188664703514653192e-04
5.450000000000000400e-01 1.046085458544190232e-04
5.550000000000000488e-01 1.038605042763688838e-04
5.649999999999999467e-01 1.085378896446623220e-04
5.749999999999999556e-01 1.216439157551395662e-04
5.849999999999999645e-01 1.337252896670318816e-04
5.949999999999999734e-01 1.479517205381300092e-04
6.049999999999999822e-01 1.647548959091700408e-04
6.149999999999999911e-01 1.861680593926869326e-04
6.250000000000000000e-01 2.043022137445573013e-04
6.350000000000000089e-01 2.289097053814688519e-04
6.450000000000000178e-01 2.509499067801169081e-04
6.550000000000000266e-01 2.693710064870289789e-04
6.650000000000000355e-01 3.045467319988194631e-04
6.750000000000000444e-01 3.456241155556212205e-04
6.850000000000000533e-01 3.951358404071643416e-04
6.949999999999999512e-01 4.529856479587539135e-04
7.049999999999999600e-01 5.189033231706842528e-04
7.149999999999999689e-01 5.930532207774599687e-04
7.249999999999999778e-01 6.782599953147506067e-04
7.349999999999999867e-01 7.659731808034164887e-04
7.449999999999999956e-01 8.387194929966823543e-04
7.550000000000000044e-01 9.225235884026903579e-04
7.650000000000000133e-01 9.985387258297411320e-04
7.750000000000000222e-01 1.081033565913965553e-03
7.850000000000000311e-01 1.143465354702511696e-03
7.950000000000000400e-01 1.204081853859155981e-03
8.050000000000000488e-01 1.249203293548209123e-03
8.149999999999999467e-01 1.302638409146316062e-03
8.249999999999999556e-01 1.337714251791622972e-03
8.349999999999999645e-01 1.385634200100852075e-03
8.449999999999999734e-01 1.411337409662414373e-03
8.549999999999999822e-01 1.412374902197872928e-03
8.649999999999999911e-01 1.404137835500626329e-03
8.750000000000000000e-01 1.447269145874418607e-03
8.850000000000000089e-01 1.434568813714696099e-03
8.950000000000000178e-01 1.463958884879625099e-03
9.050000000000000266e-01 1.459709906971378649e-03
9.150000000000000355e-01 1.472337386517612616e-03
9.250000000000000444e-01 1.497255152505518917e-03
9.350000000000000533e-01 1.501881507896671818e-03
9.449999999999999512e-01 1.480682714303278510e-03
9.549999999999999600e-01 1.462262662680181109e-03
9.649999999999999689e-01 1.438698576926413734e-03
9.749999999999999778e-01 1.393023491336893658e-03
9.849999999999999867e-01 1.345927581266343886e-03
9.949999999999999956e-01 1.284522974593358454e-03
1.004999999999999893e+00 1.232144312248923020e-03
1.014999999999999902e+00 1.178733878454155289e-03
1.024999999999999911e+00 1.152337275130436902e-03
1.034999999999999920e+00 1.118848689885819023e-03
1.044999999999999929e+00 1.091205732389339969e-03
1.054999999999999938e+00 1.069836668129078546e-03
1.064999999999999947e+00 1.046855801014604436e-03
1.074999999999999956e+00 1.026523548355531227e-03
1.084999999999999964e+00 1.010673667816309540e-03
1.094999999999999973e+00 9.879528819883999068e-04
1.104999999999999982e+00 9.723450203723064912e-04
1.114999999999999991e+00 9.613925537523539079e-04
1.125000000000000000e+00 9.415300150075596409e-04
1.135000000000000009e+00 9.305747874984955431e-04
1.145000000000000018e+00 9.082792757902967504e-04
1.155000000000000027e+00 9.060326833555730573e-04
1.165000000000000036e+00 8.945190292407433769e-04
1.175000000000000044e+00 8.739391645180959872e-04
1.185000000000000053e+00 8.609915761675072292e-04
1.195000000000000062e+00 8.475021027036661872e-04
1.205000000000000071e+00 8.356842520715228925e-04
1.215000000000000080e+00 8.163988673658882861e-04
1.225000000000000089e+00 8.026067380015553540e-04
1.235000000000000098e+00 7.884208987072016108e-04
1.245000000000000107e+00 7.749669980830999798e-04
1.254999999999999893e+00 7.693961014035770405e-04
1.264999999999999902e+00 7.614738513367392018e-04
1.274999999999999911e+00 7.500712334656806481e-04
1.284999999999999920e+00 7.420136136047534052e-04
1.294999999999999929e+00 7.314338312410612010e-04
1.304999999999999938e+00 7.180901845766329535e-04
1.314999999999999947e+00 7.078683095664232289e-04
1.324999999999999956e+00 6.886757548562888335e-04
1.334999999999999964e+00 6.750414095164418383e-04
1.344999999999999973e+00 6.675302504796776356e-04
1.354999999999999982e+00 6.549779290893511900e-04
1.364999999999999991e+00 6.501440828917310916e-04
1.375000000000000000e+00 6.386385526169470689e-04
1.385000000000000009e+00 6.243495668930374581e-04
1.395000000000000018e+00 6.163091677992595108e-04
1.405000000000000027e+00 6.046758250754657874e-04
1.415000000000000036e+00 5.895209599359684492e-04
1.425000000000000044e+00 5.786171636365936618e-04
1.435000000000000053e+00 5.668575972252033572e-04
1.445000000000000062e+00 5.464787983263787261e-04
1.455000000000000071e+00 5.380342194596903892e-04
1.465000000000000080e+00 5.259898068116783745e-04
1.475000000000000089e+00 5.132318778644373450e-04
1.485000000000000098e+00 5.011476199326885895e-04
1.495000000000000107e+00 4.931709806817525165e-04
1.504999999999999893e+00 4.800964172900585789e-04
1.514999999999999902e+00 4.675355078194852899e-04
1.524999999999999911e+00 4.555431563306040462e-04
1.534999999999999920e+00 4.457191184411807652e-04
1.544999999999999929e+00 4.394856080031755681e-04
1.554999999999999938e+00 4.353648779724182249e-04
1.564999999999999947e+00 4.210962323174080764e-04
1.574999999999999956e+00 4.226800803244337213e-04
1.584999999999999964e+00 4.204661642851186942e-04
1.594999999999999973e+00 4.265308394846287817e-04
