5.000000000000000104e-03 9.121000000000000218e-01
1.499999999999999944e-02 9.902999999999999581e-01
2.500000000000000139e-02 1.000000000000000000e+00
3.500000000000000333e-02 1.000000000000000000e+00
4.499999999999999833e-02 1.000000000000000000e+00
5.500000000000000028e-02 1.000000000000000000e+00
6.500000000000000222e-02 1.000000000000000000e+00
7.499999999999999722e-02 1.000000000000000000e+00
8.500000000000000611e-02 1.000000000000000000e+00
9.500000000000000111e-02 1.000000000000000000e+00
1.049999999999999961e-01 1.000000000000000000e+00
1.150000000000000050e-01 1.000000000000000000e+00
1.250000000000000000e-01 1.000000000000000000e+00
1.350000000000000089e-01 1.000000000000000000e+00
1.449999999999999900e-01 1.000000000000000000e+00
1.549999999999999989e-01 1.000000000000000000e+00
1.650000000000000078e-01 1.000000000000000000e+00
1.749999999999999889e-01 1.000000000000000000e+00
1.849999999999999978e-01 1.000000000000000000e+00
1.950000000000000067e-01 1.000000000000000000e+00
2.049999999999999878e-01 1.000000000000000000e+00
2.149999999999999967e-01 1.000000000000000000e+00
2.250000000000000056e-01 1.000000000000000000e+00
2.349999999999999867e-01 9.929999999999999938e-01
2.449999999999999956e-01 1.000000000000000000e+00
2.550000000000000044e-01 1.000000000000000000e+00
2.650000000000000133e-01 9.989000000000000101e-01
2.750000000000000222e-01 9.808999999999999941e-01
2.849999999999999756e-01 9.794000000000000483e-01
2.949999999999999845e-01 9.818999999999999950e-01
3.049999999999999933e-01 9.680999999999999606e-01
3.150000000000000022e-01 9.612000000000000544e-01
3.250000000000000111e-01 9.516000000000000014e-01
3.350000000000000200e-01 9.419999999999999485e-01
3.449999999999999734e-01 9.149000000000000465e-01
3.549999999999999822e-01 9.223000000000000087e-01
3.649999999999999911e-01 9.219000000000000528e-01
3.750000000000000000e-01 9.236999999999999655e-01
3.850000000000000089e-01 8.911000000000000032e-01
3.950000000000000178e-01 9.306999999999999718e-01
4.050000000000000266e-01 9.042999999999999927e-01
4.149999999999999800e-01 9.129000000000000448e-01
4.249999999999999889e-01 9.361000000000000432e-01
4.349999999999999978e-01 9.260000000000000453e-01
4.450000000000000067e-01 9.532000000000000473e-01
4.550000000000000155e-01 9.671999999999999487e-01
4.650000000000000244e-01 9.596999999999999975e-01
4.749999999999999778e-01 9.381000000000000449e-01
4.849999999999999867e-01 9.206999999999999629e-01
4.949999999999999956e-01 9.457999999999999741e-01
5.050000000000000044e-01 9.267999999999999572e-01
5.150000000000000133e-01 9.345999999999999863e-01
5.250000000000000222e-01 9.245999999999999774e-01
5.350000000000000311e-01 9.153999999999999915e-01
5.450000000000000400e-01 9.402000000000000357e-01
5.550000000000000488e-01 9.028000000000000469e-01
5.649999999999999467e-01 8.900000000000000133e-01
5.749999999999999556e-01 8.974999999999999645e-01
5.849999999999999645e-01 8.892999999999999794e-01
5.949999999999999734e-01 8.949000000000000288e-01
6.049999999999999822e-01 8.665000000000000480e-01
6.149999999999999911e-01 8.380999999999999561e-01
6.250000000000000000e-01 8.646000000000000352e-01
6.350000000000000089e-01 8.436000000000000165e-01
6.450000000000000178e-01 8.499999999999999778e-01
6.550000000000000266e-01 8.518000000000000016e-01
6.650000000000000355e-01 8.208999999999999631e-01
6.750000000000000444e-01 8.260999999999999455e-01
6.850000000000000533e-01 8.272000000000000464e-01
6.949999999999999512e-01 8.143000000000000238e-01
7.049999999999999600e-01 7.953999999999999959e-01
7.149999999999999689e-01 7.822000000000000064e-01
7.249999999999999778e-01 7.675999999999999490e-01
7.349999999999999867e-01 7.469000000000000083e-01
7.449999999999999956e-01 7.403999999999999471e-01
7.550000000000000044e-01 7.076000000000000068e-01
7.650000000000000133e-01 6.935999999999999943e-01
7.750000000000000222e-01 6.671000000000000263e-01
7.850000000000000311e-01 6.660000000000000364e-01
7.950000000000000400e-01 6.635999999999999677e-01
8.050000000000000488e-01 6.469000000000000306e-01
8.149999999999999467e-01 6.411999999999999922e-01
8.249999999999999556e-01 6.304999999999999494e-01
8.349999999999999645e-01 6.158000000000000140e-01
8.449999999999999734e-01 6.074000000000000510e-01
8.549999999999999822e-01 6.119999999999999885e-01
8.649999999999999911e-01 6.344999999999999529e-01
8.750000000000000000e-01 6.238000000000000211e-01
8.850000000000000089e-01 6.397000000000000464e-01
8.950000000000000178e-01 6.282999999999999696e-01
9.050000000000000266e-01 6.310000000000000053e-01
9.150000000000000355e-01 6.329000000000000181e-01
9.250000000000000444e-01 6.199999999999999956e-01
9.350000000000000533e-01 6.045000000000000373e-01
9.449999999999999512e-01 6.141999999999999682e-01
9.549999999999999600e-01 6.139999999999999902e-01
9.649999999999999689e-01 6.155000000000000471e-01
9.749999999999999778e-01 6.311999999999999833e-01
9.849999999999999867e-01 6.431000000000000050e-01
9.949999999999999956e-01 6.754000000000000004e-01
1.004999999999999893e+00 6.963000000000000300e-01
1.014999999999999902e+00 7.040999999999999481e-01
1.024999999999999911e+00 7.122000000000000552e-01
1.034999999999999920e+00 7.269999999999999796e-01
1.044999999999999929e+00 7.367000000000000215e-01
1.054999999999999938e+00 7.355000000000000426e-01
1.064999999999999947e+00 7.451999999999999735e-01
1.074999999999999956e+00 7.510999999999999899e-01
1.084999999999999964e+00 7.560999999999999943e-01
1.094999999999999973e+00 7.580000000000000071e-01
1.104999999999999982e+00 7.644999999999999574e-01
1.114999999999999991e+00 7.645999999999999464e-01
1.125000000000000000e+00 7.752999999999999892e-01
1.135000000000000009e+00 7.771000000000000130e-01
1.145000000000000018e+00 7.925999999999999712e-01
1.155000000000000027e+00 7.941000000000000281e-01
1.165000000000000036e+00 7.969000000000000528e-01
1.175000000000000044e+00 8.072000000000000286e-01
1.185000000000000053e+00 8.136999999999999789e-01
1.195000000000000062e+00 8.175000000000000044e-01
1.205000000000000071e+00 8.248999999999999666e-01
1.215000000000000080e+00 8.336999999999999966e-01
1.225000000000000089e+00 8.396000000000000130e-01
1.235000000000000098e+00 8.480999999999999650e-01
1.245000000000000107e+00 8.590999999999999748e-01
1.254999999999999893e+00 8.618000000000000105e-01
1.264999999999999902e+00 8.698000000000000176e-01
1.274999999999999911e+00 8.609999999999999876e-01
1.284999999999999920e+00 8.494000000000000439e-01
1.294999999999999929e+00 8.490999999999999659e-01
1.304999999999999938e+00 8.643999999999999462e-01
1.314999999999999947e+00 8.801999999999999824e-01
1.324999999999999956e+00 8.921000000000000041e-01
1.334999999999999964e+00 9.028000000000000469e-01
1.344999999999999973e+00 9.041000000000000147e-01
1.354999999999999982e+00 9.162000000000000144e-01
1.364999999999999991e+00 9.225999999999999757e-01
1.375000000000000000e+00 9.308999999999999497e-01
1.385000000000000009e+00 9.375000000000000000e-01
1.395000000000000018e+00 9.486999999999999877e-01
1.405000000000000027e+00 9.560999999999999499e-01
1.415000000000000036e+00 9.657999999999999918e-01
1.425000000000000044e+00 9.637000000000000011e-01
1.435000000000000053e+00 9.716000000000000192e-01
1.445000000000000062e+00 9.796000000000000263e-01
1.455000000000000071e+00 9.850999999999999757e-01
1.465000000000000080e+00 9.868000000000000105e-01
1.475000000000000089e+00 9.876000000000000334e-01
1.485000000000000098e+00 9.941999999999999726e-01
1.495000000000000107e+00 9.977000000000000313e-01
1.504999999999999893e+00 1.000000000000000000e+00
1.514999999999999902e+00 1.000000000000000000e+00
1.524999999999999911e+00 1.000000000000000000e+00
1.534999999999999920e+00 1.000000000000000000e+00
1.544999999999999929e+00 1.000000000000000000e+00
1.554999999999999938e+00 1.000000000000000000e+00
1.564999999999999947e+00 1.000000000000000000e+00
1.574999999999999956e+00 1.000000000000000000e+00
1.584999999999999964e+00 1.000000000000000000e+00
1.594999999999999973e+00 1.000000000000000000e+00
1.604999999999999982e+00 1.000000000000000000e+00
1.614999999999999991e+00 1.000000000000000000e+00
