1.499999999999999944e-02 1.000330999999999963e-02
2.500000000000000139e-02 7.251719999999999694e-03
3.500000000000000333e-02 4.948519999999999655e-03
4.499999999999999833e-02 3.818199999999999893e-03
5.500000000000000028e-02 4.218350000000000051e-03
6.500000000000000222e-02 4.598559999999999801e-03
7.499999999999999722e-02 5.688620000000000135e-03
8.500000000000000611e-02 6.463830000000000270e-03
9.500000000000000111e-02 6.914149999999999983e-03
1.049999999999999961e-01 5.266179999999999646e-03
1.150000000000000050e-01 5.181909999999999641e-03
1.250000000000000000e-01 4.820139999999999668e-03
1.350000000000000089e-01 3.418640000000000134e-03
1.449999999999999900e-01 2.169599999999999827e-03
1.549999999999999989e-01 1.904179999999999892e-03
1.650000000000000078e-01 1.470790000000000031e-03
1.749999999999999889e-01 1.120359999999999932e-03
1.849999999999999978e-01 1.254750000000000006e-03
1.950000000000000067e-01 1.231710000000000010e-03
2.049999999999999878e-01 1.165079999999999978e-03
2.149999999999999967e-01 8.828799999999999495e-04
2.250000000000000056e-01 8.433499999999999807e-04
2.349999999999999867e-01 7.321600000000000373e-04
2.449999999999999956e-01 6.920900000000000229e-04
2.550000000000000044e-01 6.673599999999999801e-04
2.650000000000000133e-01 5.728200000000000349e-04
2.750000000000000222e-01 5.720999999999999740e-04
2.849999999999999756e-01 4.716200000000000145e-04
2.949999999999999845e-01 4.067399999999999987e-04
3.049999999999999933e-01 4.043699999999999790e-04
3.150000000000000022e-01 3.923299999999999791e-04
3.250000000000000111e-01 3.373200000000000027e-04
3.350000000000000200e-01 3.388500000000000236e-04
3.449999999999999734e-01 2.757699999999999973e-04
3.549999999999999822e-01 2.374999999999999995e-04
3.649999999999999911e-01 1.967000000000000107e-04
3.750000000000000000e-01 1.811399999999999903e-04
3.850000000000000089e-01 1.633899999999999925e-04
3.950000000000000178e-01 1.340500000000000057e-04
4.050000000000000266e-01 1.084399999999999985e-04
4.149999999999999800e-01 1.135199999999999973e-04
4.249999999999999889e-01 1.580800000000000044e-04
4.349999999999999978e-01 1.586100000000000010e-04
4.450000000000000067e-01 2.179899999999999915e-04
4.550000000000000155e-01 2.205099999999999877e-04
4.650000000000000244e-01 1.935100000000000090e-04
4.749999999999999778e-01 1.722200000000000011e-04
4.849999999999999867e-01 1.625399999999999989e-04
4.949999999999999956e-01 1.351600000000000002e-04
5.050000000000000044e-01 1.570900000000000020e-04
5.150000000000000133e-01 1.308000000000000081e-04
5.250000000000000222e-01 9.946999999999999462e-05
5.350000000000000311e-01 8.318999999999999464e-05
5.450000000000000400e-01 7.841000000000000313e-05
5.550000000000000488e-01 7.982999999999999970e-05
5.649999999999999467e-01 9.037999999999999864e-05
5.749999999999999556e-01 1.070299999999999968e-04
5.849999999999999645e-01 1.326699999999999885e-04
5.949999999999999734e-01 1.377799999999999988e-04
6.049999999999999822e-01 1.613100000000000124e-04
6.149999999999999911e-01 1.763900000000000103e-04
6.250000000000000000e-01 1.763799999999999884e-04
6.350000000000000089e-01 1.968799999999999988e-04
6.450000000000000178e-01 2.177299999999999906e-04
6.550000000000000266e-01 2.413000000000000106e-04
6.650000000000000355e-01 2.931599999999999918e-04
6.750000000000000444e-01 3.172000000000000123e-04
6.850000000000000533e-01 3.317500000000000136e-04
6.949999999999999512e-01 3.880900000000000061e-04
7.049999999999999600e-01 5.303800000000000008e-04
7.149999999999999689e-01 5.979299999999999893e-04
7.249999999999999778e-01 7.013399999999999496e-04
7.349999999999999867e-01 7.640200000000000203e-04
7.449999999999999956e-01 8.723300000000000455e-04
7.550000000000000044e-01 9.755799999999999802e-04
7.650000000000000133e-01 1.033239999999999940e-03
7.750000000000000222e-01 1.109490000000000086e-03
7.850000000000000311e-01 1.183440000000000013e-03
7.950000000000000400e-01 1.226000000000000093e-03
8.050000000000000488e-01 1.307140000000000038e-03
8.149999999999999467e-01 1.413149999999999953e-03
8.249999999999999556e-01 1.414429999999999941e-03
8.349999999999999645e-01 1.391429999999999924e-03
8.449999999999999734e-01 1.492639999999999939e-03
8.549999999999999822e-01 1.410519999999999960e-03
8.649999999999999911e-01 1.417290000000000086e-03
8.750000000000000000e-01 1.448779999999999990e-03
8.850000000000000089e-01 1.427179999999999898e-03
8.950000000000000178e-01 1.488439999999999945e-03
9.050000000000000266e-01 1.517040000000000098e-03
9.150000000000000355e-01 1.598990000000000003e-03
9.250000000000000444e-01 1.551800000000000098e-03
9.350000000000000533e-01 1.563060000000000014e-03
9.449999999999999512e-01 1.439519999999999906e-03
9.549999999999999600e-01 1.477790000000000093e-03
9.649999999999999689e-01 1.390119999999999897e-03
9.749999999999999778e-01 1.428229999999999951e-03
9.849999999999999867e-01 1.316239999999999988e-03
9.949999999999999956e-01 1.281519999999999968e-03
1.004999999999999893e+00 1.187040000000000100e-03
1.014999999999999902e+00 1.130630000000000090e-03
1.024999999999999911e+00 1.104689999999999969e-03
1.034999999999999920e+00 1.055539999999999994e-03
1.044999999999999929e+00 1.007029999999999904e-03
1.054999999999999938e+00 1.036009999999999969e-03
1.064999999999999947e+00 1.008460000000000086e-03
1.074999999999999956e+00 9.751700000000000298e-04
1.084999999999999964e+00 9.264899999999999742e-04
1.094999999999999973e+00 9.431100000000000420e-04
1.104999999999999982e+00 9.389500000000000277e-04
1.114999999999999991e+00 9.012199999999999942e-04
1.125000000000000000e+00 8.996300000000000043e-04
1.135000000000000009e+00 8.807500000000000225e-04
1.145000000000000018e+00 8.691999999999999857e-04
1.155000000000000027e+00 8.195900000000000320e-04
1.165000000000000036e+00 8.260599999999999887e-04
1.175000000000000044e+00 8.335400000000000188e-04
1.185000000000000053e+00 7.916699999999999605e-04
1.195000000000000062e+00 7.845200000000000307e-04
1.205000000000000071e+00 7.568600000000000414e-04
1.215000000000000080e+00 7.434400000000000513e-04
1.225000000000000089e+00 7.435500000000000486e-04
1.235000000000000098e+00 7.668199999999999799e-04
1.245000000000000107e+00 7.065199999999999779e-04
1.254999999999999893e+00 6.936699999999999637e-04
1.264999999999999902e+00 6.673300000000000499e-04
1.274999999999999911e+00 6.350900000000000468e-04
1.284999999999999920e+00 6.736599999999999706e-04
1.294999999999999929e+00 6.820300000000000277e-04
1.304999999999999938e+00 6.640100000000000342e-04
1.314999999999999947e+00 6.422900000000000050e-04
1.324999999999999956e+00 6.358699999999999682e-04
1.334999999999999964e+00 6.388400000000000025e-04
1.344999999999999973e+00 6.117400000000000485e-04
1.354999999999999982e+00 5.802599999999999772e-04
1.364999999999999991e+00 5.760300000000000533e-04
1.375000000000000000e+00 5.693300000000000530e-04
1.385000000000000009e+00 5.674000000000000224e-04
1.395000000000000018e+00 5.502000000000000380e-04
1.405000000000000027e+00 5.342899999999999820e-04
1.415000000000000036e+00 5.207099999999999663e-04
1.425000000000000044e+00 5.038300000000000330e-04
1.435000000000000053e+00 5.140099999999999661e-04
1.445000000000000062e+00 4.833300000000000226e-04
1.455000000000000071e+00 4.739300000000000110e-04
1.465000000000000080e+00 4.486399999999999872e-04
1.475000000000000089e+00 4.565200000000000269e-04
1.485000000000000098e+00 4.349900000000000077e-04
1.495000000000000107e+00 4.252500000000000095e-04
1.504999999999999893e+00 4.138500000000000035e-04
1.514999999999999902e+00 4.024400000000000026e-04
1.524999999999999911e+00 3.910300000000000017e-04
1.534999999999999920e+00 3.796200000000000008e-04
1.544999999999999929e+00 3.682100000000000000e-04
1.554999999999999938e+00 3.567999999999999991e-04
1.564999999999999947e+00 3.453899999999999982e-04
1.574999999999999956e+00 3.339799999999999974e-04
1.584999999999999964e+00 3.225699999999999965e-04
1.594999999999999973e+00 3.111599999999999956e-04
1.604999999999999982e+00 2.997599999999999896e-04
1.614999999999999991e+00 2.883499999999999887e-04
