# zmid                frac              
  0.015               0.8719048467653817
  0.025               0.8936621079787488
  0.035               0.8791862608916166
  0.045               0.8813194583362098
  0.05500000000000001 0.8899503198329892
  0.065               0.8919750048101872
  0.075               0.8883412320704522
  0.08499999999999999 0.8880694037562694
  0.095               0.8962684303262556
  0.105               0.8944272075011556
  0.11499999999999999 0.8922499332157711
  0.125               0.8908843596897751
  0.135               0.8945788333900753
  0.14500000000000002 0.8891505587287272
  0.15500000000000003 0.898864397204214 
  0.165               0.8895575432404942
  0.17500000000000002 0.8773835275822596
  0.185               0.8858465773545143
  0.195               0.876667008490867 
  0.20500000000000002 0.8846573750716498
  0.21500000000000002 0.8823510793281301
  0.225               0.8775077477924538
  0.23500000000000001 0.8754806814313391
  0.245               0.8803397825693285
  0.255               0.8811991721541916
  0.265               0.886707772399952 
  0.275               0.8764071213841852
  0.28500000000000003 0.86992554883477  
  0.29500000000000004 0.8699259464877985
  0.305               0.8661203846524558
  0.315               0.8566918738767129
  0.325               0.8472325082977836
  0.335               0.8583822802712981
  0.34500000000000003 0.8449444335033366
  0.35500000000000004 0.8513398712972012
  0.365               0.8378376754732647
  0.375               0.8422059497329241
  0.385               0.8307332429067852
  0.395               0.8460547041798375
  0.405               0.8520242885355355
  0.41500000000000004 0.8515501255247888
  0.42500000000000004 0.8374742209699565
  0.435               0.8317321120043129
  0.445               0.8555655385996433
  0.455               0.8640419031086495
  0.465               0.8559898396748816
  0.47500000000000003 0.8620766508860351
  0.485               0.8475605429169882
  0.495               0.8430512439772888
  0.505               0.8312319803805583
  0.515               0.8573619453949061
  0.525               0.826744572417581 
  0.535               0.8254725727125037
  0.545               0.8604708302769114
  0.555               0.8367841319672309
  0.5650000000000001  0.8353855595874053
  0.5750000000000001  0.8228856030231665
  0.585               0.835994656977797 
  0.595               0.8304874880409668
  0.605               0.8158335320206057
  0.615               0.8009589035408501
  0.625               0.8100107439638448
  0.635               0.8044227489851066
  0.645               0.7999082193862371
  0.655               0.8111476576460297
  0.665               0.792580570494547 
  0.675               0.7986895076923728
  0.685               0.8024613542168971
  0.6950000000000001  0.7944698117463195
  0.7050000000000001  0.7886022072240801
  0.7150000000000001  0.7760060173413132
  0.725               0.7630568388768029
  0.735               0.7525302726738751
  0.745               0.7502677777735801
  0.755               0.7316699571788802
  0.765               0.7212826843639957
  0.775               0.709824048184107 
  0.785               0.7100792774235711
  0.795               0.701378709068614 
  0.805               0.6935645477993447
  0.8150000000000001  0.6863826574521676
  0.8250000000000001  0.6826171175664816
  0.8350000000000001  0.6744840024209884
  0.845               0.6664704186627608
  0.855               0.6702349216604514
  0.865               0.6840120714280427
  0.875               0.677671122808329 
  0.885               0.687641552960928 
  0.895               0.681150683612937 
  0.905               0.6849861230238364
  0.915               0.6812795274743968
  0.925               0.6735771354738003
  0.935               0.6669944650638682
  0.9450000000000001  0.6716092472844007
  0.9550000000000001  0.6711562837295275
  0.9650000000000001  0.6723071232582357
  0.975               0.681075260850158 
  0.985               0.6915246803410636
  0.995               0.7084363165428634
  1.005               0.7235040386100536
  1.0150000000000001  0.7300489620081573
  1.025               0.7342269431463861
  1.0350000000000001  0.7411850467679547
  1.045               0.7460121411374558
  1.0550000000000002  0.7472233959630307
  1.065               0.7502780702159184
  1.0750000000000002  0.7560688990496318
  1.085               0.7594255556901162
  1.0950000000000002  0.7605469901892855
  1.105               0.7642510381898298
  1.1150000000000002  0.7625750697604206
  1.125               0.770404192999781 
  1.1350000000000002  0.77143010812018  
  1.145               0.7794628125891865
  1.1550000000000002  0.7782414557400986
  1.165               0.7808640604414906
  1.1749999999999998  0.7888550707448281
  1.185               0.7892061714961756
  1.1949999999999998  0.7909075324267254
  1.205               0.7929796391597759
  1.2149999999999999  0.799214808377633 
  1.225               0.8027548617752022
  1.2349999999999999  0.80953931680739  
  1.245               0.8118984622474335
  1.255               0.8134847009802718
  1.2650000000000001  0.8185719458431342
  1.275               0.8160229904289397
  1.2850000000000001  0.812414139695608 
  1.295               0.8099569656967042
  1.3050000000000002  0.8190556463856967
  1.315               0.8223815917642514
  1.3250000000000002  0.8281748143051189
  1.335               0.8348160306307753
  1.3450000000000002  0.8348158820183457
  1.355               0.8456087328308896
  1.3650000000000002  0.8446916526384605
  1.375               0.8479178359366956
  1.3850000000000002  0.8513752585286032
  1.395               0.8569260900572353
  1.4050000000000002  0.8580485883530481
  1.415               0.866028623481589 
  1.4249999999999998  0.8660742140838336
  1.435               0.864842036072283 
  1.4449999999999998  0.8746000480129126
  1.455               0.8733926207148262
  1.4649999999999999  0.8727535642832507
  1.475               0.8737408693610289
  1.4849999999999999  0.8774414762830264
  1.495               0.8796332562590781
  1.505               0.8843241131402632
  1.5150000000000001  0.8846151936043593
  1.525               0.8842058660982837
  1.5350000000000001  0.8871864631047145
  1.545               0.8871776787532251
  1.5550000000000002  0.8826382429607122
  1.565               0.8875628544999199
  1.5750000000000002  0.8847150935223633
  1.585               0.8962694297786475
  1.5950000000000002  0.8872019099944938
