  0.005 0.04542691 0.9121 0.08789998  
  0.015 0.01000331 0.9903 0.0097      
  0.025 0.00725172 1.0    0.0         
  0.035 0.00494852 1.0    0.0         
  0.045 0.0038182  1.0    0.0         
  0.055 0.00421835 1.0    0.0         
  0.065 0.00459856 1.0    0.0         
  0.075 0.00568862 1.0    0.0         
  0.085 0.00646383 1.0    0.0         
  0.095 0.00691415 1.0    0.0         
  0.105 0.00526618 1.0    0.0         
  0.115 0.00518191 1.0    0.0         
  0.125 0.00482014 1.0    0.0         
  0.135 0.00341864 1.0    0.0         
  0.145 0.0021696  1.0    0.0         
  0.155 0.00190418 1.0    0.0         
  0.165 0.00147079 1.0    0.0         
  0.175 0.00112036 1.0    0.0         
  0.185 0.00125475 1.0    0.0         
  0.195 0.00123171 1.0    0.0         
  0.205 0.00116508 1.0    0.0         
  0.215 8.8288E-4  1.0    0.0         
  0.225 8.4335E-4  1.0    0.0         
  0.235 7.3216E-4  0.993  0.007000029 
  0.245 6.9209E-4  1.0    0.0         
  0.255 6.6736E-4  1.0    0.0         
  0.265 5.7282E-4  0.9989 0.0011000037
  0.275 5.721E-4   0.9809 0.01910001  
  0.285 4.7162E-4  0.9794 0.02060002  
  0.295 4.0674E-4  0.9819 0.018100023 
  0.305 4.0437E-4  0.9681 0.03189999  
  0.315 3.9233E-4  0.9612 0.0388      
  0.325 3.3732E-4  0.9516 0.048399985 
  0.335 3.3885E-4  0.942  0.058000028 
  0.345 2.7577E-4  0.9149 0.085099995 
  0.355 2.375E-4   0.9223 0.07770002  
  0.365 1.967E-4   0.9219 0.078100026 
  0.375 1.8114E-4  0.9237 0.076300025 
  0.385 1.6339E-4  0.8911 0.10890001  
  0.395 1.3405E-4  0.9307 0.069299996 
  0.405 1.0844E-4  0.9043 0.095700026 
  0.415 1.1352E-4  0.9129 0.08710003  
  0.425 1.5808E-4  0.9361 0.063899994 
  0.435 1.5861E-4  0.926  0.074       
  0.445 2.1799E-4  0.9532 0.046800017 
  0.455 2.2051E-4  0.9672 0.03280002  
  0.465 1.9351E-4  0.9597 0.04030001  
  0.475 1.7222E-4  0.9381 0.06190002  
  0.485 1.6254E-4  0.9207 0.07929999  
  0.495 1.3516E-4  0.9458 0.054199994 
  0.505 1.5709E-4  0.9268 0.07319999  
  0.515 1.308E-4   0.9346 0.065400004 
  0.525 9.947E-5   0.9246 0.075399995 
  0.535 8.319E-5   0.9154 0.08459997  
  0.545 7.841E-5   0.9402 0.05980003  
  0.555 7.983E-5   0.9028 0.09719998  
  0.565 9.038E-5   0.89   0.110000014 
  0.575 1.0703E-4  0.8975 0.10250002  
  0.585 1.3267E-4  0.8893 0.11070001  
  0.595 1.3778E-4  0.8949 0.105099976 
  0.605 1.6131E-4  0.8665 0.13349998  
  0.615 1.7639E-4  0.8381 0.16189998  
  0.625 1.7638E-4  0.8646 0.1354      
  0.635 1.9688E-4  0.8436 0.15640002  
  0.645 2.1773E-4  0.85   0.14999998  
  0.655 2.413E-4   0.8518 0.14819998  
  0.665 2.9316E-4  0.8209 0.17909998  
  0.675 3.172E-4   0.8261 0.17390001  
  0.685 3.3175E-4  0.8272 0.1728      
  0.695 3.8809E-4  0.8143 0.1857      
  0.705 5.3038E-4  0.7954 0.20459998  
  0.715 5.9793E-4  0.7822 0.21780002  
  0.725 7.0134E-4  0.7676 0.2324      
  0.735 7.6402E-4  0.7469 0.25309998  
  0.745 8.7233E-4  0.7404 0.25959998  
  0.755 9.7558E-4  0.7076 0.2924      
  0.765 0.00103324 0.6936 0.3064      
  0.775 0.00110949 0.6671 0.3329      
  0.785 0.00118344 0.666  0.334       
  0.795 0.001226   0.6636 0.33639997  
  0.805 0.00130714 0.6469 0.3531      
  0.815 0.00141315 0.6412 0.3588      
  0.825 0.00141443 0.6305 0.36949998  
  0.835 0.00139143 0.6158 0.38419998  
  0.845 0.00149264 0.6074 0.3926      
  0.855 0.00141052 0.612  0.388       
  0.865 0.00141729 0.6345 0.36549997  
  0.875 0.00144878 0.6238 0.37620002  
  0.885 0.00142718 0.6397 0.3603      
  0.895 0.00148844 0.6283 0.3717      
  0.905 0.00151704 0.631  0.36900002  
  0.915 0.00159899 0.6329 0.3671      
  0.925 0.0015518  0.62   0.38        
  0.935 0.00156306 0.6045 0.3955      
  0.945 0.00143952 0.6142 0.3858      
  0.955 0.00147779 0.614  0.38599998  
  0.965 0.00139012 0.6155 0.38450003  
  0.975 0.00142823 0.6312 0.36879998  
  0.985 0.00131624 0.6431 0.35689998  
  0.995 0.00128152 0.6754 0.32459998  
  1.005 0.00118704 0.6963 0.30369997  
  1.015 0.00113063 0.7041 0.2959      
  1.025 0.00110469 0.7122 0.2878      
  1.035 0.00105554 0.727  0.273       
  1.045 0.00100703 0.7367 0.2633      
  1.055 0.00103601 0.7355 0.26450002  
  1.065 0.00100846 0.7452 0.25480002  
  1.075 9.7517E-4  0.7511 0.2489      
  1.085 9.2649E-4  0.7561 0.2439      
  1.095 9.4311E-4  0.758  0.24199998  
  1.105 9.3895E-4  0.7645 0.23549998  
  1.115 9.0122E-4  0.7646 0.23540002  
  1.125 8.9963E-4  0.7753 0.22469997  
  1.135 8.8075E-4  0.7771 0.22289997  
  1.145 8.692E-4   0.7926 0.20740002  
  1.155 8.1959E-4  0.7941 0.20590001  
  1.165 8.2606E-4  0.7969 0.20310003  
  1.175 8.3354E-4  0.8072 0.19279999  
  1.185 7.9167E-4  0.8137 0.18629998  
  1.195 7.8452E-4  0.8175 0.1825      
  1.205 7.5686E-4  0.8249 0.17510003  
  1.215 7.4344E-4  0.8337 0.1663      
  1.225 7.4355E-4  0.8396 0.16039997  
  1.235 7.6682E-4  0.8481 0.1519      
  1.245 7.0652E-4  0.8591 0.14090002  
  1.255 6.9367E-4  0.8618 0.13819999  
  1.265 6.6733E-4  0.8698 0.13020003  
  1.275 6.3509E-4  0.861  0.139       
  1.285 6.7366E-4  0.8494 0.15060002  
  1.295 6.8203E-4  0.8491 0.1509      
  1.305 6.6401E-4  0.8644 0.13559997  
  1.315 6.4229E-4  0.8802 0.11979997  
  1.325 6.3587E-4  0.8921 0.10790002  
  1.335 6.3884E-4  0.9028 0.09719998  
  1.345 6.1174E-4  0.9041 0.0959      
  1.355 5.8026E-4  0.9162 0.08380002  
  1.365 5.7603E-4  0.9226 0.07740003  
  1.375 5.6933E-4  0.9309 0.06910002  
  1.385 5.674E-4   0.9375 0.0625      
  1.395 5.502E-4   0.9487 0.05129999  
  1.405 5.3429E-4  0.9561 0.043900013 
  1.415 5.2071E-4  0.9658 0.034200013 
  1.425 5.0383E-4  0.9637 0.036300004 
  1.435 5.1401E-4  0.9716 0.028400004 
  1.445 4.8333E-4  0.9796 0.020399988 
  1.455 4.7393E-4  0.9851 0.014900029 
  1.465 4.4864E-4  0.9868 0.013199985 
  1.475 4.5652E-4  0.9876 0.0123999715
  1.485 4.3499E-4  0.9942 0.005800009 
  1.495 4.2525E-4  0.9977 0.002300024 
  1.505 4.1385E-4  1.0    0.0         
  1.515 4.0244E-4  1.0    0.0         
  1.525 3.9103E-4  1.0    0.0         
  1.535 3.7962E-4  1.0    0.0         
  1.545 3.6821E-4  1.0    0.0         
  1.555 3.568E-4   1.0    0.0         
  1.565 3.4539E-4  1.0    0.0         
  1.575 3.3398E-4  1.0    0.0         
  1.585 3.2257E-4  1.0    0.0         
  1.595 3.1116E-4  1.0    0.0         
  1.605 2.9976E-4  1.0    0.0         
  1.615 2.8835E-4  1.0    0.0         
