# col1  newnz                 frac               frac_hip           
  0.015 0.011227750409138664  0.8719048467653817 0.1280951532346183 
  0.025 0.01077882782989056   0.8936621079787488 0.10633789202125121
  0.035 0.010488482828028153  0.8791862608916166 0.12081373910838344
  0.045 0.00978353526458811   0.8813194583362098 0.11868054166379016
  0.055 0.008585614083979305  0.8899503198329892 0.11004968016701078
  0.065 0.00857877178030158   0.8919750048101872 0.10802499518981279
  0.075 0.008610565089016791  0.8883412320704522 0.11165876792954776
  0.085 0.008645957137497875  0.8880694037562694 0.11193059624373058
  0.095 0.00861046728734023   0.8962684303262556 0.10373156967374442
  0.105 0.008307148907911994  0.8944272075011556 0.10557279249884444
  0.115 0.0076549739548686276 0.8922499332157711 0.10775006678422894
  0.125 0.006708985217880909  0.8908843596897751 0.10911564031022492
  0.135 0.005148618433792516  0.8945788333900753 0.10542116660992473
  0.145 0.003986196076860352  0.8891505587287272 0.11084944127127283
  0.155 0.00300970847683125   0.898864397204214  0.10113560279578604
  0.165 0.002235298600256031  0.8895575432404942 0.11044245675950581
  0.175 0.0018134842157713337 0.8773835275822596 0.12261647241774043
  0.185 0.001508474706381044  0.8858465773545143 0.11415342264548567
  0.195 0.0012871884583316195 0.876667008490867  0.12333299150913302
  0.205 0.001129542819707393  0.8846573750716498 0.11534262492835023
  0.215 0.0010276045534945554 0.8823510793281301 0.11764892067186994
  0.225 9.068130111322462E-4  0.8775077477924538 0.12249225220754623
  0.235 7.98522472923203E-4   0.8754806814313391 0.12451931856866094
  0.245 6.888652863772965E-4  0.8803397825693285 0.11966021743067146
  0.255 5.94831906160263E-4   0.8811991721541916 0.11880082784580837
  0.265 5.153372631259225E-4  0.886707772399952  0.11329222760004798
  0.275 4.649624562655428E-4  0.8764071213841852 0.1235928786158148 
  0.285 4.1666376108736626E-4 0.86992554883477   0.13007445116522998
  0.295 3.695584547446918E-4  0.8699259464877985 0.13007405351220147
  0.305 3.276727887532996E-4  0.8661203846524558 0.13387961534754422
  0.315 2.9425263334838605E-4 0.8566918738767129 0.14330812612328714
  0.325 2.6226105240674855E-4 0.8472325082977836 0.15276749170221637
  0.335 2.211507955164958E-4  0.8583822802712981 0.14161771972870185
  0.345 1.87118692810039E-4   0.8449444335033366 0.1550555664966634 
  0.355 1.5121117392293988E-4 0.8513398712972012 0.14866012870279877
  0.365 1.24697285414526E-4   0.8378376754732647 0.1621623245267353 
  0.375 1.0247194754506E-4    0.8422059497329241 0.15779405026707594
  0.385 8.646506928855052E-5  0.8307332429067852 0.16926675709321481
  0.395 7.138305341570632E-5  0.8460547041798375 0.15394529582016248
  0.405 6.548482136531503E-5  0.8520242885355355 0.14797571146446453
  0.415 7.075049016800216E-5  0.8515501255247888 0.14844987447521119
  0.425 8.731905530334901E-5  0.8374742209699565 0.1625257790300435 
  0.435 1.005042279946181E-4  0.8317321120043129 0.16826788799568715
  0.445 1.0486541329978598E-4 0.8555655385996433 0.14443446140035665
  0.455 1.122326275436013E-4  0.8640419031086495 0.13595809689135052
  0.465 1.2175781433526531E-4 0.8559898396748816 0.14401016032511837
  0.475 1.2441875378846134E-4 0.8620766508860351 0.13792334911396487
  0.485 1.1910265261737241E-4 0.8475605429169882 0.15243945708301176
  0.495 9.968368891471685E-5  0.8430512439772888 0.1569487560227112 
  0.505 8.459408655121305E-5  0.8312319803805583 0.16876801961944166
  0.515 7.296294247229973E-5  0.8573619453949061 0.14263805460509393
  0.525 6.549302541901252E-5  0.826744572417581  0.17325542758241896
  0.535 5.841417891631431E-5  0.8254725727125037 0.17452742728749626
  0.545 4.936905423551379E-5  0.8604708302769114 0.1395291697230886 
  0.555 4.686849876995952E-5  0.8367841319672309 0.1632158680327691 
  0.565 4.8882394944446576E-5 0.8353855595874053 0.16461444041259465
  0.575 5.461607655252514E-5  0.8228856030231665 0.1771143969768335 
  0.585 5.888067317455562E-5  0.835994656977797  0.16400534302220304
  0.595 6.58169472827406E-5   0.8304874880409668 0.16951251195903316
  0.605 7.305140536815591E-5  0.8158335320206057 0.1841664679793943 
  0.615 8.157431521361991E-5  0.8009589035408501 0.1990410964591499 
  0.625 8.99324686358442E-5   0.8100107439638448 0.18998925603615524
  0.635 1.0049519071315819E-4 0.8044227489851066 0.19557725101489343
  0.645 1.1149243721659569E-4 0.7999082193862371 0.20009178061376287
  0.655 1.2359457655588266E-4 0.8111476576460297 0.1888523423539703 
  0.665 1.4772171647225348E-4 0.792580570494547  0.207419429505453  
  0.675 1.7961139905015128E-4 0.7986895076923728 0.2013104923076272 
  0.685 2.185251064856413E-4  0.8024613542168971 0.19753864578310287
  0.695 2.6553500561558467E-4 0.7944698117463195 0.20553018825368052
  0.705 3.1817348355103373E-4 0.7886022072240801 0.21139779277591986
  0.715 3.8299662891724183E-4 0.7760060173413132 0.22399398265868675
  0.725 4.5508241021556696E-4 0.7630568388768029 0.23694316112319713
  0.735 5.277696369123502E-4  0.7525302726738751 0.24746972732612493
  0.745 5.918700261427594E-4  0.7502677777735801 0.2497322222264199 
  0.755 6.707879043034126E-4  0.7316699571788802 0.26833004282111983
  0.765 7.490199379105869E-4  0.7212826843639957 0.2787173156360043 
  0.775 8.33238973563466E-4   0.709824048184107  0.29017595181589295
  0.785 9.000859798972703E-4  0.7100792774235711 0.28992072257642887
  0.795 9.736029133594031E-4  0.701378709068614  0.298621290931386  
  0.805 0.0010440725823591763 0.6935645477993447 0.30643545220065527
  0.815 0.001117188131238812  0.6863826574521676 0.31361734254783236
  0.825 0.0011764068836677022 0.6826171175664816 0.3173828824335184 
  0.835 0.0012375144442811627 0.6744840024209884 0.3255159975790116 
  0.845 0.0012871604700892972 0.6664704186627608 0.3335295813372392 
  0.855 0.001310252847605389  0.6702349216604514 0.3297650783395486 
  0.865 0.0013042001577785508 0.6840120714280427 0.31598792857195734
  0.875 0.0013359176664553012 0.677671122808329  0.322328877191671  
  0.885 0.0013253563552742217 0.687641552960928  0.312358447039072  
  0.895 0.0013551415744402285 0.681150683612937  0.31884931638706304
  0.905 0.0013513777520273668 0.6849861230238364 0.31501387697616356
  0.915 0.0013624197700774655 0.6812795274743968 0.3187204725256032 
  0.925 0.0013762373507188242 0.6735771354738003 0.32642286452619973
  0.935 0.0013885677503626722 0.6669944650638682 0.33300553493613183
  0.945 0.001370951471327576  0.6716092472844007 0.32839075271559925
  0.955 0.001365251807104436  0.6711562837295275 0.3288437162704725 
  0.965 0.0013495286573786958 0.6723071232582357 0.3276928767417643 
  0.975 0.0013295359723871799 0.681075260850158  0.318924739149842  
  0.985 0.0013077573175079252 0.6915246803410636 0.3084753196589364 
  0.995 0.0012759992784983649 0.7084363165428634 0.29156368345713657
  1.005 0.001238815992857983  0.7235040386100536 0.27649596138994637
  1.015 0.0012116124219376993 0.7300489620081573 0.2699510379918427 
  1.025 0.0011951262550988976 0.7342269431463861 0.26577305685361385
  1.035 0.0011640924503664553 0.7411850467679547 0.2588149532320453 
  1.045 0.0011320388396903985 0.7460121411374558 0.25398785886254416
  1.055 0.001106176323896503  0.7472233959630307 0.25277660403696933
  1.065 0.0010739867163248348 0.7502780702159184 0.2497219297840816 
  1.075 0.0010489692062439137 0.7560688990496318 0.24393110095036818
  1.085 0.0010346713520528906 0.7594255556901162 0.24057444430988384
  1.095 0.0010121692840189536 0.7605469901892855 0.2394530098107145 
  1.105 9.93937283332416E-4   0.7642510381898298 0.23574896181017024
  1.115 9.868226274942827E-4  0.7625750697604206 0.23742493023957945
  1.125 9.660219737197679E-4  0.770404192999781  0.22959580700021898
  1.135 9.615479525066738E-4  0.77143010812018   0.22856989187982002
  1.145 9.464661281781414E-4  0.7794628125891865 0.22053718741081352
  1.155 9.4314979958531E-4    0.7782414557400986 0.22175854425990138
  1.165 9.383043221066457E-4  0.7808640604414906 0.2191359395585094 
  1.175 9.248096713417238E-4  0.7888550707448281 0.21114492925517192
  1.185 9.189171632016438E-4  0.7892061714961756 0.21079382850382444
  1.195 9.071926547263728E-4  0.7909075324267254 0.2090924675732746 
  1.205 8.955099733876903E-4  0.7929796391597759 0.20702036084022413
  1.215 8.813756577453427E-4  0.799214808377633  0.20078519162236697
  1.225 8.689844160340081E-4  0.8027548617752022 0.19724513822479783
  1.235 8.510260041159059E-4  0.80953931680739   0.19046068319261   
  1.245 8.355195220534468E-4  0.8118984622474335 0.18810153775256655
  1.255 8.215014161322074E-4  0.8134847009802718 0.1865152990197282 
  1.265 8.080791918332333E-4  0.8185719458431342 0.1814280541568658 
  1.275 8.013602476419293E-4  0.8160229904289397 0.18397700957106033
  1.285 7.945078845481106E-4  0.812414139695608  0.18758586030439195
  1.295 7.881189237063489E-4  0.8099569656967042 0.19004303430329583
  1.305 7.736611127397461E-4  0.8190556463856967 0.18094435361430328
  1.315 7.68593920194543E-4   0.8223815917642514 0.1776184082357486 
  1.325 7.581969111785809E-4  0.8281748143051189 0.17182518569488114
  1.335 7.48062560359027E-4   0.8348160306307753 0.16518396936922475
  1.345 7.406442237927038E-4  0.8348158820183457 0.16518411798165433
  1.355 7.248616866892029E-4  0.8456087328308896 0.15439126716911045
  1.365 7.199470323059005E-4  0.8446916526384605 0.15530834736153953
  1.375 7.062422815304701E-4  0.8479178359366956 0.15208216406330444
  1.385 6.929360743641415E-4  0.8513752585286032 0.14862474147139682
  1.395 6.808736382235038E-4  0.8569260900572353 0.1430739099427647 
  1.405 6.728617350365649E-4  0.8580485883530481 0.1419514116469519 
  1.415 6.590382791694159E-4  0.866028623481589  0.13397137651841096
  1.425 6.5150124722994E-4    0.8660742140838336 0.13392578591616644
  1.435 6.421803522369894E-4  0.864842036072283  0.13515796392771695
  1.445 6.285870769088125E-4  0.8746000480129126 0.12539995198708742
  1.455 6.222819278015728E-4  0.8733926207148262 0.12660737928517385
  1.465 6.160353005426918E-4  0.8727535642832507 0.12724643571674932
  1.475 6.049032719887314E-4  0.8737408693610289 0.1262591306389711 
  1.485 5.896624991794466E-4  0.8774414762830264 0.12255852371697362
  1.495 5.784054341356366E-4  0.8796332562590781 0.12036674374092193
  1.505 5.582303684304684E-4  0.8843241131402632 0.11567588685973684
  1.515 5.447860411133086E-4  0.8846151936043593 0.11538480639564075
  1.525 5.335130744588407E-4  0.8842058660982837 0.11579413390171633
  1.535 5.182994990656268E-4  0.8871864631047145 0.1128135368952855 
  1.545 5.121412497343804E-4  0.8871776787532251 0.11282232124677494
  1.555 5.097253954615066E-4  0.8826382429607122 0.11736175703928775
  1.565 4.953080442574212E-4  0.8875628544999199 0.1124371455000801 
  1.575 4.995076586510953E-4  0.8847150935223633 0.11528490647763667
  1.585 4.951638388988566E-4  0.8962694297786475 0.10373057022135246
  1.595 4.992761903182243E-4  0.8872019099944938 0.11279809000550622
