# col1  newnz                 frac               frac_hip           
  0.015 0.006209783120355711  0.8719048467653817 0.1280951532346183 
  0.025 0.006250774146208778  0.8936621079787488 0.10633789202125121
  0.035 0.006283867532685508  0.8791862608916166 0.12081373910838344
  0.045 0.006344577947429013  0.8813194583362098 0.11868054166379016
  0.055 0.00585751798030509   0.8899503198329892 0.11004968016701078
  0.065 0.006115418000037775  0.8919750048101872 0.10802499518981279
  0.075 0.00614196414961327   0.8883412320704522 0.11165876792954776
  0.085 0.00643100637837922   0.8880694037562694 0.11193059624373058
  0.095 0.00635960143985563   0.8962684303262556 0.10373156967374442
  0.105 0.006097857885201858  0.8944272075011556 0.10557279249884444
  0.115 0.005568820814692524  0.8922499332157711 0.10775006678422894
  0.125 0.004815720416838339  0.8908843596897751 0.10911564031022492
  0.135 0.0039020806064685664 0.8945788333900753 0.10542116660992473
  0.145 0.0032238556367838443 0.8891505587287272 0.11084944127127283
  0.155 0.0025783280953903397 0.898864397204214  0.10113560279578604
  0.165 0.0020844254216972006 0.8895575432404942 0.11044245675950581
  0.175 0.0017538948025024404 0.8773835275822596 0.12261647241774043
  0.185 0.0015032447194688204 0.8858465773545143 0.11415342264548567
  0.195 0.0013337253588277486 0.876667008490867  0.12333299150913302
  0.205 0.0012042443676683482 0.8846573750716498 0.11534262492835023
  0.215 0.0011338581761644506 0.8823510793281301 0.11764892067186994
  0.225 0.0010259502024174696 0.8775077477924538 0.12249225220754623
  0.235 9.219006730423496E-4  0.8754806814313391 0.12451931856866094
  0.245 8.18389743531216E-4   0.8803397825693285 0.11966021743067146
  0.255 7.368470441250868E-4  0.8811991721541916 0.11880082784580837
  0.265 6.590675175547133E-4  0.886707772399952  0.11329222760004798
  0.275 6.190771509962559E-4  0.8764071213841852 0.1235928786158148 
  0.285 5.734460767683468E-4  0.86992554883477   0.13007445116522998
  0.295 5.313156126923031E-4  0.8699259464877985 0.13007405351220147
  0.305 4.862114662915689E-4  0.8661203846524558 0.13387961534754422
  0.315 4.4677293267639283E-4 0.8566918738767129 0.14330812612328714
  0.325 4.1082633833901624E-4 0.8472325082977836 0.15276749170221637
  0.335 3.646672593647784E-4  0.8583822802712981 0.14161771972870185
  0.345 3.2967575235538527E-4 0.8449444335033366 0.1550555664966634 
  0.355 2.8335435459798155E-4 0.8513398712972012 0.14866012870279877
  0.365 2.5150388986980044E-4 0.8378376754732647 0.1621623245267353 
  0.375 2.18646202532847E-4   0.8422059497329241 0.15779405026707594
  0.385 1.9290407847294465E-4 0.8307332429067852 0.16926675709321481
  0.395 1.7616037671819518E-4 0.8460547041798375 0.15394529582016248
  0.405 1.7137940502849033E-4 0.8520242885355355 0.14797571146446453
  0.415 1.7619189930605594E-4 0.8515501255247888 0.14844987447521119
  0.425 1.9156651177010652E-4 0.8374742209699565 0.1625257790300435 
  0.435 2.0133958784697805E-4 0.8317321120043129 0.16826788799568715
  0.445 2.035761466715134E-4  0.8555655385996433 0.14443446140035665
  0.455 2.0420808400215844E-4 0.8640419031086495 0.13595809689135052
  0.465 2.0159862566904402E-4 0.8559898396748816 0.14401016032511837
  0.475 1.963492472612674E-4  0.8620766508860351 0.13792334911396487
  0.485 1.8578460602407558E-4 0.8475605429169882 0.15243945708301176
  0.495 1.647344297268625E-4  0.8430512439772888 0.1569487560227112 
  0.505 1.498022784987547E-4  0.8312319803805583 0.16876801961944166
  0.515 1.295623174424613E-4  0.8573619453949061 0.14263805460509393
  0.525 1.2549063170551802E-4 0.826744572417581  0.17325542758241896
  0.535 1.1886647035146532E-4 0.8254725727125037 0.17452742728749626
  0.545 1.0460854585441902E-4 0.8604708302769114 0.1395291697230886 
  0.555 1.0386050427636888E-4 0.8367841319672309 0.1632158680327691 
  0.565 1.0853788964466232E-4 0.8353855595874053 0.16461444041259465
  0.575 1.2164391575513957E-4 0.8228856030231665 0.1771143969768335 
  0.585 1.3372528966703188E-4 0.835994656977797  0.16400534302220304
  0.595 1.4795172053813E-4    0.8304874880409668 0.16951251195903316
  0.605 1.6475489590917004E-4 0.8158335320206057 0.1841664679793943 
  0.615 1.8616805939268693E-4 0.8009589035408501 0.1990410964591499 
  0.625 2.043022137445573E-4  0.8100107439638448 0.18998925603615524
  0.635 2.2890970538146885E-4 0.8044227489851066 0.19557725101489343
  0.645 2.509499067801169E-4  0.7999082193862371 0.20009178061376287
  0.655 2.69371006487029E-4   0.8111476576460297 0.1888523423539703 
  0.665 3.0454673199881946E-4 0.792580570494547  0.207419429505453  
  0.675 3.456241155556212E-4  0.7986895076923728 0.2013104923076272 
  0.685 3.9513584040716434E-4 0.8024613542168971 0.19753864578310287
  0.695 4.529856479587539E-4  0.7944698117463195 0.20553018825368052
  0.705 5.189033231706843E-4  0.7886022072240801 0.21139779277591986
  0.715 5.9305322077746E-4    0.7760060173413132 0.22399398265868675
  0.725 6.782599953147506E-4  0.7630568388768029 0.23694316112319713
  0.735 7.659731808034165E-4  0.7525302726738751 0.24746972732612493
  0.745 8.387194929966824E-4  0.7502677777735801 0.2497322222264199 
  0.755 9.225235884026904E-4  0.7316699571788802 0.26833004282111983
  0.765 9.985387258297411E-4  0.7212826843639957 0.2787173156360043 
  0.775 0.0010810335659139656 0.709824048184107  0.29017595181589295
  0.785 0.0011434653547025117 0.7100792774235711 0.28992072257642887
  0.795 0.001204081853859156  0.701378709068614  0.298621290931386  
  0.805 0.0012492032935482091 0.6935645477993447 0.30643545220065527
  0.815 0.001302638409146316  0.6863826574521676 0.31361734254783236
  0.825 0.001337714251791623  0.6826171175664816 0.3173828824335184 
  0.835 0.001385634200100852  0.6744840024209884 0.3255159975790116 
  0.845 0.0014113374096624144 0.6664704186627608 0.3335295813372392 
  0.855 0.001412374902197873  0.6702349216604514 0.3297650783395486 
  0.865 0.0014041378355006263 0.6840120714280427 0.31598792857195734
  0.875 0.0014472691458744186 0.677671122808329  0.322328877191671  
  0.885 0.001434568813714696  0.687641552960928  0.312358447039072  
  0.895 0.001463958884879625  0.681150683612937  0.31884931638706304
  0.905 0.0014597099069713786 0.6849861230238364 0.31501387697616356
  0.915 0.0014723373865176126 0.6812795274743968 0.3187204725256032 
  0.925 0.001497255152505519  0.6735771354738003 0.32642286452619973
  0.935 0.0015018815078966718 0.6669944650638682 0.33300553493613183
  0.945 0.0014806827143032785 0.6716092472844007 0.32839075271559925
  0.955 0.0014622626626801811 0.6711562837295275 0.3288437162704725 
  0.965 0.0014386985769264137 0.6723071232582357 0.3276928767417643 
  0.975 0.0013930234913368937 0.681075260850158  0.318924739149842  
  0.985 0.0013459275812663439 0.6915246803410636 0.3084753196589364 
  0.995 0.0012845229745933585 0.7084363165428634 0.29156368345713657
  1.005 0.001232144312248923  0.7235040386100536 0.27649596138994637
  1.015 0.0011787338784541553 0.7300489620081573 0.2699510379918427 
  1.025 0.001152337275130437  0.7342269431463861 0.26577305685361385
  1.035 0.001118848689885819  0.7411850467679547 0.2588149532320453 
  1.045 0.00109120573238934   0.7460121411374558 0.25398785886254416
  1.055 0.0010698366681290785 0.7472233959630307 0.25277660403696933
  1.065 0.0010468558010146044 0.7502780702159184 0.2497219297840816 
  1.075 0.0010265235483555312 0.7560688990496318 0.24393110095036818
  1.085 0.0010106736678163095 0.7594255556901162 0.24057444430988384
  1.095 9.879528819884E-4     0.7605469901892855 0.2394530098107145 
  1.105 9.723450203723065E-4  0.7642510381898298 0.23574896181017024
  1.115 9.613925537523539E-4  0.7625750697604206 0.23742493023957945
  1.125 9.415300150075596E-4  0.770404192999781  0.22959580700021898
  1.135 9.305747874984955E-4  0.77143010812018   0.22856989187982002
  1.145 9.082792757902968E-4  0.7794628125891865 0.22053718741081352
  1.155 9.060326833555731E-4  0.7782414557400986 0.22175854425990138
  1.165 8.945190292407434E-4  0.7808640604414906 0.2191359395585094 
  1.175 8.73939164518096E-4   0.7888550707448281 0.21114492925517192
  1.185 8.609915761675072E-4  0.7892061714961756 0.21079382850382444
  1.195 8.475021027036662E-4  0.7909075324267254 0.2090924675732746 
  1.205 8.356842520715229E-4  0.7929796391597759 0.20702036084022413
  1.215 8.163988673658883E-4  0.799214808377633  0.20078519162236697
  1.225 8.026067380015554E-4  0.8027548617752022 0.19724513822479783
  1.235 7.884208987072016E-4  0.80953931680739   0.19046068319261   
  1.245 7.749669980831E-4     0.8118984622474335 0.18810153775256655
  1.255 7.69396101403577E-4   0.8134847009802718 0.1865152990197282 
  1.265 7.614738513367392E-4  0.8185719458431342 0.1814280541568658 
  1.275 7.500712334656806E-4  0.8160229904289397 0.18397700957106033
  1.285 7.420136136047534E-4  0.812414139695608  0.18758586030439195
  1.295 7.314338312410612E-4  0.8099569656967042 0.19004303430329583
  1.305 7.18090184576633E-4   0.8190556463856967 0.18094435361430328
  1.315 7.078683095664232E-4  0.8223815917642514 0.1776184082357486 
  1.325 6.886757548562888E-4  0.8281748143051189 0.17182518569488114
  1.335 6.750414095164418E-4  0.8348160306307753 0.16518396936922475
  1.345 6.675302504796776E-4  0.8348158820183457 0.16518411798165433
  1.355 6.549779290893512E-4  0.8456087328308896 0.15439126716911045
  1.365 6.501440828917311E-4  0.8446916526384605 0.15530834736153953
  1.375 6.386385526169471E-4  0.8479178359366956 0.15208216406330444
  1.385 6.243495668930375E-4  0.8513752585286032 0.14862474147139682
  1.395 6.163091677992595E-4  0.8569260900572353 0.1430739099427647 
  1.405 6.046758250754658E-4  0.8580485883530481 0.1419514116469519 
  1.415 5.895209599359684E-4  0.866028623481589  0.13397137651841096
  1.425 5.786171636365937E-4  0.8660742140838336 0.13392578591616644
  1.435 5.668575972252034E-4  0.864842036072283  0.13515796392771695
  1.445 5.464787983263787E-4  0.8746000480129126 0.12539995198708742
  1.455 5.380342194596904E-4  0.8733926207148262 0.12660737928517385
  1.465 5.259898068116784E-4  0.8727535642832507 0.12724643571674932
  1.475 5.132318778644373E-4  0.8737408693610289 0.1262591306389711 
  1.485 5.011476199326886E-4  0.8774414762830264 0.12255852371697362
  1.495 4.931709806817525E-4  0.8796332562590781 0.12036674374092193
  1.505 4.800964172900586E-4  0.8843241131402632 0.11567588685973684
  1.515 4.675355078194853E-4  0.8846151936043593 0.11538480639564075
  1.525 4.5554315633060405E-4 0.8842058660982837 0.11579413390171633
  1.535 4.4571911844118077E-4 0.8871864631047145 0.1128135368952855 
  1.545 4.3948560800317557E-4 0.8871776787532251 0.11282232124677494
  1.555 4.353648779724182E-4  0.8826382429607122 0.11736175703928775
  1.565 4.210962323174081E-4  0.8875628544999199 0.1124371455000801 
  1.575 4.226800803244337E-4  0.8847150935223633 0.11528490647763667
  1.585 4.204661642851187E-4  0.8962694297786475 0.10373057022135246
  1.595 4.265308394846288E-4  0.8872019099944938 0.11279809000550622
