  0.015 0.01182988 0.9903 0.0097      
  0.025 0.01086393 1.0    0.0         
  0.035 0.00881894 1.0    0.0         
  0.045 0.00678736 1.0    0.0         
  0.055 0.0057752  1.0    0.0         
  0.065 0.00627666 1.0    0.0         
  0.075 0.00642464 1.0    0.0         
  0.085 0.0078562  1.0    0.0         
  0.095 0.01032825 1.0    0.0         
  0.105 0.00804175 1.0    0.0         
  0.115 0.00694768 1.0    0.0         
  0.125 0.00570122 1.0    0.0         
  0.135 0.00365937 1.0    0.0         
  0.145 0.00263688 1.0    0.0         
  0.155 0.00209705 1.0    0.0         
  0.165 0.00153344 1.0    0.0         
  0.175 0.00135704 1.0    0.0         
  0.185 0.00127628 1.0    0.0         
  0.195 0.00110775 1.0    0.0         
  0.205 9.8206E-4  1.0    0.0         
  0.215 8.6793E-4  1.0    0.0         
  0.225 7.9903E-4  1.0    0.0         
  0.235 6.3459E-4  0.993  0.007000029 
  0.245 5.7392E-4  1.0    0.0         
  0.255 4.9591E-4  1.0    0.0         
  0.265 4.2735E-4  0.9989 0.0011000037
  0.275 3.6881E-4  0.9809 0.01910001  
  0.285 3.1729E-4  0.9794 0.02060002  
  0.295 3.1669E-4  0.9819 0.018100023 
  0.305 3.3573E-4  0.9681 0.03189999  
  0.315 2.7088E-4  0.9612 0.0388      
  0.325 2.374E-4   0.9516 0.048399985 
  0.335 1.7679E-4  0.942  0.058000028 
  0.345 1.5523E-4  0.9149 0.085099995 
  0.355 1.2592E-4  0.9223 0.07770002  
  0.365 9.713E-5   0.9219 0.078100026 
  0.375 8.451E-5   0.9237 0.076300025 
  0.385 7.432E-5   0.8911 0.10890001  
  0.395 5.863E-5   0.9307 0.069299996 
  0.405 5.307E-5   0.9043 0.095700026 
  0.415 4.347E-5   0.9129 0.08710003  
  0.425 3.634E-5   0.9361 0.063899994 
  0.435 7.435E-5   0.926  0.074       
  0.445 1.221E-4   0.9532 0.046800017 
  0.455 1.543E-4   0.9672 0.03280002  
  0.465 1.3378E-4  0.9597 0.04030001  
  0.475 9.958E-5   0.9381 0.06190002  
  0.485 9.855E-5   0.9207 0.07929999  
  0.495 8.594E-5   0.9458 0.054199994 
  0.505 9.339E-5   0.9268 0.07319999  
  0.515 7.247E-5   0.9346 0.065400004 
  0.525 3.476E-5   0.9246 0.075399995 
  0.535 3.206E-5   0.9154 0.08459997  
  0.545 3.24E-5    0.9402 0.05980003  
  0.555 3.847E-5   0.9028 0.09719998  
  0.565 4.101E-5   0.89   0.110000014 
  0.575 4.547E-5   0.8975 0.10250002  
  0.585 4.795E-5   0.8893 0.11070001  
  0.595 5.439E-5   0.8949 0.105099976 
  0.605 6.162E-5   0.8665 0.13349998  
  0.615 7.073E-5   0.8381 0.16189998  
  0.625 7.674E-5   0.8646 0.1354      
  0.635 8.902E-5   0.8436 0.15640002  
  0.645 9.579E-5   0.85   0.14999998  
  0.655 1.0897E-4  0.8518 0.14819998  
  0.665 1.2571E-4  0.8209 0.17909998  
  0.675 1.3497E-4  0.8261 0.17390001  
  0.685 1.6632E-4  0.8272 0.1728      
  0.695 2.2654E-4  0.8143 0.1857      
  0.705 3.2729E-4  0.7954 0.20459998  
  0.715 3.7968E-4  0.7822 0.21780002  
  0.725 4.5114E-4  0.7676 0.2324      
  0.735 5.0921E-4  0.7469 0.25309998  
  0.745 5.8048E-4  0.7404 0.25959998  
  0.755 6.9053E-4  0.7076 0.2924      
  0.765 7.7675E-4  0.6936 0.3064      
  0.775 9.0575E-4  0.6671 0.3329      
  0.785 9.8041E-4  0.666  0.334       
  0.795 0.00107495 0.6636 0.33639997  
  0.805 0.00117529 0.6469 0.3531      
  0.815 0.00123711 0.6412 0.3588      
  0.825 0.00130792 0.6305 0.36949998  
  0.835 0.00136955 0.6158 0.38419998  
  0.845 0.00149657 0.6074 0.3926      
  0.855 0.0015206  0.612  0.388       
  0.865 0.00147171 0.6345 0.36549997  
  0.875 0.00149391 0.6238 0.37620002  
  0.885 0.00147164 0.6397 0.3603      
  0.895 0.00147224 0.6283 0.3717      
  0.905 0.00150404 0.631  0.36900002  
  0.915 0.0015287  0.6329 0.3671      
  0.925 0.00161707 0.62   0.38        
  0.935 0.0016148  0.6045 0.3955      
  0.945 0.00155187 0.6142 0.3858      
  0.955 0.00153389 0.614  0.38599998  
  0.965 0.00149872 0.6155 0.38450003  
  0.975 0.00147344 0.6312 0.36879998  
  0.985 0.00142926 0.6431 0.35689998  
  0.995 0.00138758 0.6754 0.32459998  
  1.005 0.00134723 0.6963 0.30369997  
  1.015 0.00132488 0.7041 0.2959      
  1.025 0.00128183 0.7122 0.2878      
  1.035 0.00118971 0.727  0.273       
  1.045 0.00111355 0.7367 0.2633      
  1.055 0.0011675  0.7355 0.26450002  
  1.065 0.00110233 0.7452 0.25480002  
  1.075 0.00108267 0.7511 0.2489      
  1.085 0.00106045 0.7561 0.2439      
  1.095 0.00102375 0.758  0.24199998  
  1.105 9.9144E-4  0.7645 0.23549998  
  1.115 9.9822E-4  0.7646 0.23540002  
  1.125 9.7852E-4  0.7753 0.22469997  
  1.135 9.6473E-4  0.7771 0.22289997  
  1.145 9.4666E-4  0.7926 0.20740002  
  1.155 9.4115E-4  0.7941 0.20590001  
  1.165 9.3541E-4  0.7969 0.20310003  
  1.175 9.0132E-4  0.8072 0.19279999  
  1.185 8.9421E-4  0.8137 0.18629998  
  1.195 8.8602E-4  0.8175 0.1825      
  1.205 8.793E-4   0.8249 0.17510003  
  1.215 8.5047E-4  0.8337 0.1663      
  1.225 8.0934E-4  0.8396 0.16039997  
  1.235 8.1857E-4  0.8481 0.1519      
  1.245 7.8729E-4  0.8591 0.14090002  
  1.255 7.8323E-4  0.8618 0.13819999  
  1.265 7.5681E-4  0.8698 0.13020003  
  1.275 7.3692E-4  0.861  0.139       
  1.285 7.4774E-4  0.8494 0.15060002  
  1.295 7.3949E-4  0.8491 0.1509      
  1.305 7.3384E-4  0.8644 0.13559997  
  1.315 7.0885E-4  0.8802 0.11979997  
  1.325 6.9516E-4  0.8921 0.10790002  
  1.335 7.1268E-4  0.9028 0.09719998  
  1.345 6.8929E-4  0.9041 0.0959      
  1.355 6.7574E-4  0.9162 0.08380002  
  1.365 6.6561E-4  0.9226 0.07740003  
  1.375 6.3632E-4  0.9309 0.06910002  
  1.385 6.2797E-4  0.9375 0.0625      
  1.395 6.199E-4   0.9487 0.05129999  
  1.405 5.9897E-4  0.9561 0.043900013 
  1.415 5.8299E-4  0.9658 0.034200013 
  1.425 5.9271E-4  0.9637 0.036300004 
  1.435 5.7143E-4  0.9716 0.028400004 
  1.445 5.6901E-4  0.9796 0.020399988 
  1.455 5.4522E-4  0.9851 0.014900029 
  1.465 5.3985E-4  0.9868 0.013199985 
  1.475 5.3001E-4  0.9876 0.0123999715
  1.485 5.1917E-4  0.9942 0.005800009 
  1.495 5.0618E-4  0.9977 0.002300024 
  1.505 4.947E-4   1.0    0.0         
  1.515 4.8321E-4  1.0    0.0         
  1.525 4.7172E-4  1.0    0.0         
  1.535 4.6023E-4  1.0    0.0         
  1.545 4.4874E-4  1.0    0.0         
  1.555 4.3725E-4  1.0    0.0         
  1.565 4.2576E-4  1.0    0.0         
  1.575 4.1427E-4  1.0    0.0         
  1.585 4.0278E-4  1.0    0.0         
  1.595 3.9129E-4  1.0    0.0         
  1.605 3.7981E-4  1.0    0.0         
  1.615 3.6832E-4  1.0    0.0         
