0.0050 0.9121
0.0150 0.9903
0.0250 1.0000
0.0350 1.0000
0.0450 1.0000
0.0550 1.0000
0.0650 1.0000
0.0750 1.0000
0.0850 1.0000
0.0950 1.0000
0.1050 1.0000
0.1150 1.0000
0.1250 1.0000
0.1350 1.0000
0.1450 1.0000
0.1550 1.0000
0.1650 1.0000
0.1750 1.0000
0.1850 1.0000
0.1950 1.0000
0.2050 1.0000
0.2150 1.0000
0.2250 1.0000
0.2350 0.9930
0.2450 1.0000
0.2550 1.0000
0.2650 0.9989
0.2750 0.9809
0.2850 0.9794
0.2950 0.9819
0.3050 0.9681
0.3150 0.9612
0.3250 0.9516
0.3350 0.9420
0.3450 0.9149
0.3550 0.9223
0.3650 0.9219
0.3750 0.9237
0.3850 0.8911
0.3950 0.9307
0.4050 0.9043
0.4150 0.9129
0.4250 0.9361
0.4350 0.9260
0.4450 0.9532
0.4550 0.9672
0.4650 0.9597
0.4750 0.9381
0.4850 0.9207
0.4950 0.9458
0.5050 0.9268
0.5150 0.9346
0.5250 0.9246
0.5350 0.9154
0.5450 0.9402
0.5550 0.9028
0.5650 0.8900
0.5750 0.8975
0.5850 0.8893
0.5950 0.8949
0.6050 0.8665
0.6150 0.8381
0.6250 0.8646
0.6350 0.8436
0.6450 0.8500
0.6550 0.8518
0.6650 0.8209
0.6750 0.8261
0.6850 0.8272
0.6950 0.8143
0.7050 0.7954
0.7150 0.7822
0.7250 0.7676
0.7350 0.7469
0.7450 0.7404
0.7550 0.7076
0.7650 0.6936
0.7750 0.6671
0.7850 0.6660
0.7950 0.6636
0.8050 0.6469
0.8150 0.6412
0.8250 0.6305
0.8350 0.6158
0.8450 0.6074
0.8550 0.6120
0.8650 0.6345
0.8750 0.6238
0.8850 0.6397
0.8950 0.6283
0.9050 0.6310
0.9150 0.6329
0.9250 0.6200
0.9350 0.6045
0.9450 0.6142
0.9550 0.6140
0.9650 0.6155
0.9750 0.6312
0.9850 0.6431
0.9950 0.6754
1.0050 0.6963
1.0150 0.7041
1.0250 0.7122
1.0350 0.7270
1.0450 0.7367
1.0550 0.7355
1.0650 0.7452
1.0750 0.7511
1.0850 0.7561
1.0950 0.7580
1.1050 0.7645
1.1150 0.7646
1.1250 0.7753
1.1350 0.7771
1.1450 0.7926
1.1550 0.7941
1.1650 0.7969
1.1750 0.8072
1.1850 0.8137
1.1950 0.8175
1.2050 0.8249
1.2150 0.8337
1.2250 0.8396
1.2350 0.8481
1.2450 0.8591
1.2550 0.8618
1.2650 0.8698
1.2750 0.8610
1.2850 0.8494
1.2950 0.8491
1.3050 0.8644
1.3150 0.8802
1.3250 0.8921
1.3350 0.9028
1.3450 0.9041
1.3550 0.9162
1.3650 0.9226
1.3750 0.9309
1.3850 0.9375
1.3950 0.9487
1.4050 0.9561
1.4150 0.9658
1.4250 0.9637
1.4350 0.9716
1.4450 0.9796
1.4550 0.9851
1.4650 0.9868
1.4750 0.9876
1.4850 0.9942
1.4950 0.9977
1.5050 1.0000
1.5150 1.0000
1.5250 1.0000
1.5350 1.0000
1.5450 1.0000
1.5550 1.0000
1.5650 1.0000
1.5750 1.0000
1.5850 1.0000
1.5950 1.0000
1.6050 1.0000
1.6150 1.0000
