  0.005 0.00208304
  0.015 0.00221092
  0.025 0.00241622
  0.035 0.00263199
  0.045 0.00280513
  0.055 0.00291247
  0.065 0.00296502
  0.075 0.00298703
  0.085 0.00298439
  0.095 0.00294523
  0.105 0.00286889
  0.115 0.00277062
  0.125 0.00265254
  0.135 0.0024912 
  0.145 0.00226641
  0.155 0.00199337
  0.165 0.0017176 
  0.175 0.0014816 
  0.185 0.00129997
  0.195 0.00116141
  0.205 0.00104717
  0.215 9.4586E-4 
  0.225 8.5538E-4 
  0.235 7.7705E-4 
  0.245 7.104E-4  
  0.255 6.5186E-4 
  0.265 5.9667E-4 
  0.275 5.4216E-4 
  0.285 4.895E-4  
  0.295 4.4215E-4 
  0.305 4.0226E-4 
  0.315 3.6866E-4 
  0.325 3.3805E-4 
  0.335 3.0753E-4 
  0.345 2.7595E-4 
  0.355 2.44E-4   
  0.365 2.1342E-4 
  0.375 1.8604E-4 
  0.385 1.6344E-4 
  0.395 1.4725E-4 
  0.405 1.3926E-4 
  0.415 1.4032E-4 
  0.425 1.4905E-4 
  0.435 1.6154E-4 
  0.445 1.7262E-4 
  0.455 1.7803E-4 
  0.465 1.7626E-4 
  0.475 1.688E-4  
  0.485 1.5852E-4 
  0.495 1.4744E-4 
  0.505 1.3587E-4 
  0.515 1.2343E-4 
  0.525 1.1086E-4 
  0.535 1.0037E-4 
  0.545 9.448E-5  
  0.555 9.466E-5  
  0.565 1.008E-4  
  0.575 1.1152E-4 
  0.585 1.2486E-4 
  0.595 1.3895E-4 
  0.605 1.5273E-4 
  0.615 1.6629E-4 
  0.625 1.8086E-4 
  0.635 1.9819E-4 
  0.645 2.1972E-4 
  0.655 2.4633E-4 
  0.665 2.788E-4  
  0.675 3.1872E-4 
  0.685 3.6846E-4 
  0.695 4.2972E-4 
  0.705 5.02E-4   
  0.715 5.8257E-4 
  0.725 6.6756E-4 
  0.735 7.5287E-4 
  0.745 8.3486E-4 
  0.755 9.1154E-4 
  0.765 9.8332E-4 
  0.775 0.0010521 
  0.785 0.00111909
  0.795 0.00118324
  0.805 0.00124141
  0.815 0.00128991
  0.825 0.00132637
  0.835 0.00135096
  0.845 0.00136612
  0.855 0.00137567
  0.865 0.00138391
  0.875 0.0013949 
  0.885 0.00141152
  0.895 0.00143357
  0.905 0.00145637
  0.915 0.0014721 
  0.925 0.00147416
  0.935 0.00146102
  0.945 0.0014358 
  0.955 0.00140245
  0.965 0.00136273
  0.975 0.00131685
  0.985 0.00126591
  0.995 0.00121301
  1.005 0.00116186
  1.015 0.00111507
  1.025 0.00107371
  1.035 0.00103784
  1.045 0.00100682
  1.055 9.7931E-4 
  1.065 9.5405E-4 
  1.075 9.3096E-4 
  1.085 9.1105E-4 
  1.095 8.9504E-4 
  1.105 8.8221E-4 
  1.115 8.7075E-4 
  1.125 8.5882E-4 
  1.135 8.458E-4  
  1.145 8.3263E-4 
  1.155 8.2066E-4 
  1.165 8.0986E-4 
  1.175 7.9854E-4 
  1.185 7.851E-4  
  1.195 7.6978E-4 
  1.205 7.5446E-4 
  1.215 7.4076E-4 
  1.225 7.286E-4  
  1.235 7.1645E-4 
  1.245 7.0292E-4 
  1.255 6.8814E-4 
  1.265 6.7387E-4 
  1.275 6.6211E-4 
  1.285 6.5336E-4 
  1.295 6.4632E-4 
  1.305 6.3909E-4 
  1.315 6.305E-4  
  1.325 6.201E-4  
  1.335 6.0778E-4 
  1.345 5.939E-4  
  1.355 5.7966E-4 
  1.365 5.665E-4  
  1.375 5.5501E-4 
  1.385 5.4451E-4 
  1.395 5.3388E-4 
  1.405 5.2258E-4 
  1.415 5.1084E-4 
  1.425 4.9909E-4 
  1.435 4.874E-4  
  1.445 4.7564E-4 
  1.455 4.6388E-4 
  1.465 4.5232E-4 
  1.475 4.41E-4   
  1.485 4.2972E-4 
  1.495 4.1835E-4 
  1.505 4.0698E-4 
  1.515 3.9578E-4 
  1.525 3.8479E-4 
  1.535 3.739E-4  
  1.545 3.6291E-4 
  1.555 3.515E-4  
  1.565 3.389E-4  
  1.575 3.2295E-4 
  1.585 2.9942E-4 
  1.595 2.6323E-4 
  1.605 2.1238E-4 
  1.615 1.5211E-4 
  1.625 9.392E-5  
  1.635 4.883E-5  
  1.645 2.1E-5    
  1.655 7.37E-6   
  1.665 2.09E-6   
  1.675 4.7E-7    
  1.685 8.0E-8    
  1.695 1.0E-8    
  1.705 0.0       
  1.715 0.0       
  1.725 0.0       
  1.735 0.0       
  1.745 0.0       
  1.755 0.0       
  1.765 0.0       
  1.775 0.0       
  1.785 0.0       
  1.795 0.0       
  1.805 0.0       
  1.815 0.0       
  1.825 0.0       
  1.835 0.0       
  1.845 0.0       
  1.855 0.0       
  1.865 0.0       
  1.875 0.0       
  1.885 0.0       
  1.895 0.0       
  1.905 0.0       
  1.915 0.0       
  1.925 0.0       
  1.935 0.0       
  1.945 0.0       
  1.955 0.0       
  1.965 0.0       
  1.975 0.0       
  1.985 0.0       
  1.995 0.0       
