  0.005 0.00186538
  0.015 0.00208884
  0.025 0.00242196
  0.035 0.00272613
  0.045 0.00292436
  0.055 0.00301632
  0.065 0.00304099
  0.075 0.00304022
  0.085 0.00304261
  0.095 0.00305626
  0.105 0.00306525
  0.115 0.00303608
  0.125 0.0029334 
  0.135 0.00273775
  0.145 0.00245817
  0.155 0.00213319
  0.165 0.00181456
  0.175 0.00154148
  0.185 0.00132512
  0.195 0.00115427
  0.205 0.00101193
  0.215 8.8676E-4 
  0.225 7.7435E-4 
  0.235 6.7391E-4 
  0.245 5.8542E-4 
  0.255 5.0876E-4 
  0.265 4.4393E-4 
  0.275 3.9105E-4 
  0.285 3.4929E-4 
  0.295 3.1573E-4 
  0.305 2.8579E-4 
  0.315 2.5548E-4 
  0.325 2.2349E-4 
  0.335 1.9118E-4 
  0.345 1.6079E-4 
  0.355 1.3394E-4 
  0.365 1.112E-4  
  0.375 9.25E-5   
  0.385 7.764E-5  
  0.395 6.685E-5  
  0.405 6.109E-5  
  0.415 6.186E-5  
  0.425 6.984E-5  
  0.435 8.332E-5  
  0.445 9.779E-5  
  0.455 1.0795E-4 
  0.465 1.1076E-4 
  0.475 1.0673E-4 
  0.485 9.841E-5  
  0.495 8.8E-5    
  0.505 7.644E-5  
  0.515 6.442E-5  
  0.525 5.333E-5  
  0.535 4.5E-5    
  0.545 4.056E-5  
  0.555 3.982E-5  
  0.565 4.175E-5  
  0.575 4.534E-5  
  0.585 5.006E-5  
  0.595 5.574E-5  
  0.605 6.233E-5  
  0.615 6.976E-5  
  0.625 7.802E-5  
  0.635 8.736E-5  
  0.645 9.85E-5   
  0.655 1.1289E-4 
  0.665 1.3283E-4 
  0.675 1.6114E-4 
  0.685 1.9996E-4 
  0.695 2.4946E-4 
  0.705 3.0752E-4 
  0.715 3.7133E-4 
  0.725 4.3945E-4 
  0.735 5.1237E-4 
  0.745 5.9129E-4 
  0.755 6.7623E-4 
  0.765 7.6526E-4 
  0.775 8.5533E-4 
  0.785 9.4362E-4 
  0.795 0.00102811
  0.805 0.00110756
  0.815 0.00118127
  0.825 0.00124848
  0.835 0.00130737
  0.845 0.00135473
  0.855 0.00138784
  0.865 0.0014073 
  0.875 0.00141772
  0.885 0.00142553
  0.895 0.00143589
  0.905 0.00145061
  0.915 0.00146749
  0.925 0.00148114
  0.935 0.00148559
  0.945 0.00147754
  0.955 0.00145788
  0.965 0.00143031
  0.975 0.00139863
  0.985 0.00136508
  0.995 0.00133029
  1.005 0.00129384
  1.015 0.00125495
  1.025 0.00121374
  1.035 0.0011723 
  1.045 0.00113372
  1.055 0.00109983
  1.065 0.00107024
  1.075 0.00104362
  1.085 0.00101937
  1.095 9.9773E-4 
  1.105 9.7887E-4 
  1.115 9.623E-4  
  1.125 9.472E-4  
  1.135 9.3303E-4 
  1.145 9.1954E-4 
  1.155 9.0649E-4 
  1.165 8.9353E-4 
  1.175 8.8043E-4 
  1.185 8.6699E-4 
  1.195 8.5269E-4 
  1.205 8.3698E-4 
  1.215 8.199E-4  
  1.225 8.0231E-4 
  1.235 7.8529E-4 
  1.245 7.6946E-4 
  1.255 7.551E-4  
  1.265 7.4259E-4 
  1.275 7.3226E-4 
  1.285 7.2375E-4 
  1.295 7.1599E-4 
  1.305 7.0802E-4 
  1.315 6.9977E-4 
  1.325 6.9164E-4 
  1.335 6.8347E-4 
  1.345 6.744E-4  
  1.355 6.6353E-4 
  1.365 6.5076E-4 
  1.375 6.3684E-4 
  1.385 6.2282E-4 
  1.395 6.0955E-4 
  1.405 5.9735E-4 
  1.415 5.8604E-4 
  1.425 5.7512E-4 
  1.435 5.6405E-4 
  1.445 5.527E-4  
  1.455 5.4135E-4 
  1.465 5.3028E-4 
  1.475 5.1943E-4 
  1.485 5.0849E-4 
  1.495 4.9727E-4 
  1.505 4.8585E-4 
  1.515 4.7444E-4 
  1.525 4.6319E-4 
  1.535 4.5217E-4 
  1.545 4.4129E-4 
  1.555 4.3016E-4 
  1.565 4.1752E-4 
  1.575 4.003E-4  
  1.585 3.7295E-4 
  1.595 3.2904E-4 
  1.605 2.6618E-4 
  1.615 1.9102E-4 
  1.625 1.1812E-4 
  1.635 6.149E-5  
  1.645 2.646E-5  
  1.655 9.29E-6   
  1.665 2.63E-6   
  1.675 6.0E-7    
  1.685 1.1E-7    
  1.695 1.0E-8    
  1.705 0.0       
  1.715 0.0       
  1.725 0.0       
  1.735 0.0       
  1.745 0.0       
  1.755 0.0       
  1.765 0.0       
  1.775 0.0       
  1.785 0.0       
  1.795 0.0       
  1.805 0.0       
  1.815 0.0       
  1.825 0.0       
  1.835 0.0       
  1.845 0.0       
  1.855 0.0       
  1.865 0.0       
  1.875 0.0       
  1.885 0.0       
  1.895 0.0       
  1.905 0.0       
  1.915 0.0       
  1.925 0.0       
  1.935 0.0       
  1.945 0.0       
  1.955 0.0       
  1.965 0.0       
  1.975 0.0       
  1.985 0.0       
  1.995 0.0       
