  0.005 1.0 
  0.015 0.99
  0.025 1.0 
  0.035 1.0 
  0.045 1.0 
  0.055 1.0 
  0.065 1.0 
  0.075 1.0 
  0.085 1.0 
  0.095 1.0 
  0.105 1.0 
  0.115 1.0 
  0.125 1.0 
  0.135 1.0 
  0.145 1.0 
  0.155 1.0 
  0.165 1.0 
  0.175 1.0 
  0.185 1.0 
  0.195 1.0 
  0.205 1.0 
  0.215 1.0 
  0.225 1.0 
  0.235 1.0 
  0.245 1.0 
  0.255 1.0 
  0.265 0.99
  0.275 0.99
  0.285 0.98
  0.295 0.98
  0.305 0.97
  0.315 0.96
  0.325 0.95
  0.335 0.94
  0.345 0.93
  0.355 0.93
  0.365 0.93
  0.375 0.92
  0.385 0.92
  0.395 0.92
  0.405 0.92
  0.415 0.93
  0.425 0.93
  0.435 0.94
  0.445 0.95
  0.455 0.96
  0.465 0.96
  0.475 0.95
  0.485 0.94
  0.495 0.94
  0.505 0.94
  0.515 0.93
  0.525 0.93
  0.535 0.92
  0.545 0.92
  0.555 0.91
  0.565 0.91
  0.575 0.9 
  0.585 0.9 
  0.595 0.89
  0.605 0.88
  0.615 0.87
  0.625 0.86
  0.635 0.86
  0.645 0.86
  0.655 0.85
  0.665 0.84
  0.675 0.84
  0.685 0.83
  0.695 0.82
  0.705 0.81
  0.715 0.8 
  0.725 0.78
  0.735 0.77
  0.745 0.75
  0.755 0.73
  0.765 0.71
  0.775 0.69
  0.785 0.68
  0.795 0.68
  0.805 0.67
  0.815 0.66
  0.825 0.65
  0.835 0.64
  0.845 0.63
  0.855 0.64
  0.865 0.64
  0.875 0.65
  0.885 0.65
  0.895 0.65
  0.905 0.65
  0.915 0.65
  0.925 0.64
  0.935 0.63
  0.945 0.63
  0.955 0.64
  0.965 0.64
  0.975 0.65
  0.985 0.67
  0.995 0.69
  1.005 0.71
  1.015 0.72
  1.025 0.73
  1.035 0.74
  1.045 0.75
  1.055 0.75
  1.065 0.76
  1.075 0.77
  1.085 0.77
  1.095 0.77
  1.105 0.78
  1.115 0.78
  1.125 0.79
  1.135 0.8 
  1.145 0.8 
  1.155 0.81
  1.165 0.81
  1.175 0.82
  1.185 0.83
  1.195 0.83
  1.205 0.84
  1.215 0.84
  1.225 0.85
  1.235 0.86
  1.245 0.87
  1.255 0.87
  1.265 0.87
  1.275 0.87
  1.285 0.87
  1.295 0.87
  1.305 0.87
  1.315 0.89
  1.325 0.9 
  1.335 0.91
  1.345 0.91
  1.355 0.92
  1.365 0.93
  1.375 0.94
  1.385 0.94
  1.395 0.95
  1.405 0.96
  1.415 0.96
  1.425 0.97
  1.435 0.97
  1.445 0.98
  1.455 0.98
  1.465 1.0
  1.475 1.
  1.485 1.
  1.495 1.0 
  1.505 1.0 
  1.515 1.0 
  1.525 1.0 
  1.535 1.0 
  1.545 1.0 
  1.555 1.0 
  1.565 1.0 
  1.575 1.0 
  1.585 1.0  
  1.595 1.0 
  1.605 1.0 
  1.615 1.0 
  1.625 1.0 
  1.635 1.0 
  1.645 1.0 
  1.655 1.0 
  1.665 1.0 
  1.675 1.0 
  1.685 1.0 
  1.695 1.0 
  1.705 1.0 
  1.715 1.0 
  1.725 1.0 
  1.735 1.0 
  1.745 1.0 
  1.755 1.0 
  1.765 1.0 
  1.775 1.0 
  1.785 1.0 
  1.795 1.0 
  1.805 1.0 
  1.815 1.0 
  1.825 1.0 
  1.835 1.0 
  1.845 1.0 
  1.855 1.0 
  1.865 1.0 
  1.875 1.0 
  1.885 1.0 
  1.895 1.0 
  1.905 1.0 
  1.915 1.0 
  1.925 1.0 
  1.935 1.0 
  1.945 1.0 
  1.955 1.0 
  1.965 1.0 
  1.975 1.0 
  1.985 1.0 
  1.995 1.0 
