# col1  col3       
  0.005 1.69E-6    
  0.015 2.78E-6    
  0.025 4.97E-6    
  0.035 8.11E-6    
  0.045 1.18E-5    
  0.055 1.545E-5   
  0.065 1.85E-5    
  0.075 2.073E-5   
  0.085 2.225E-5   
  0.095 2.323E-5   
  0.105 2.372E-5   
  0.115 2.355E-5   
  0.125 2.253E-5   
  0.135 2.068E-5   
  0.145 1.835E-5   
  0.155 1.596E-5   
  0.165 1.387E-5   
  0.175 1.219E-5   
  0.185 1.093E-5   
  0.195 9.99E-6    
  0.205 9.32E-6    
  0.215 8.84E-6    
  0.225 8.51E-6    
  0.235 8.32E-6    
  0.245 8.25E-6    
  0.255 8.31E-6    
  0.265 8.46E-6    
  0.275 8.69E-6    
  0.285 8.95E-6    
  0.295 9.26E-6    
  0.305 9.62E-6    
  0.315 1.004E-5   
  0.325 1.052E-5   
  0.335 1.11E-5    
  0.345 1.174E-5   
  0.355 1.24E-5    
  0.365 1.302E-5   
  0.375 1.358E-5   
  0.385 1.411E-5   
  0.395 1.463E-5   
  0.405 1.519E-5   
  0.415 1.576E-5   
  0.425 1.633E-5   
  0.435 1.69E-5    
  0.445 1.746E-5   
  0.455 1.802E-5   
  0.465 1.859E-5   
  0.475 1.919E-5   
  0.485 1.986E-5   
  0.495 2.059E-5   
  0.505 2.139E-5   
  0.515 2.22E-5    
  0.525 2.295E-5   
  0.535 2.359E-5   
  0.545 2.413E-5   
  0.555 2.461E-5   
  0.565 2.514E-5   
  0.575 2.577E-5   
  0.585 2.649E-5   
  0.595 2.724E-5   
  0.605 2.796E-5   
  0.615 2.863E-5   
  0.625 2.931E-5   
  0.635 3.005E-5   
  0.645 3.088E-5   
  0.655 3.174E-5   
  0.665 3.257E-5   
  0.675 3.335E-5   
  0.685 3.409E-5   
  0.695 3.483E-5   
  0.705 3.556E-5   
  0.715 3.631E-5   
  0.725 3.707E-5   
  0.735 3.785E-5   
  0.745 3.867E-5   
  0.755 3.952E-5   
  0.765 4.037E-5   
  0.775 4.122E-5   
  0.785 4.204E-5   
  0.795 4.285E-5   
  0.805 4.364E-5   
  0.815 4.438E-5   
  0.825 4.506E-5   
  0.835 4.566E-5   
  0.845 4.62E-5    
  0.855 4.67E-5    
  0.865 4.718E-5   
  0.875 4.763E-5   
  0.885 4.803E-5   
  0.895 4.834E-5   
  0.905 4.858E-5   
  0.915 4.876E-5   
  0.925 4.891E-5   
  0.935 4.908E-5   
  0.945 4.929E-5   
  0.955 4.958E-5   
  0.965 4.994E-5   
  0.975 5.036E-5   
  0.985 5.079E-5   
  0.995 5.12E-5    
  1.005 5.153E-5   
  1.015 5.178E-5   
  1.025 5.195E-5   
  1.035 5.21E-5    
  1.045 5.228E-5   
  1.055 5.252E-5   
  1.065 5.28E-5    
  1.075 5.31E-5    
  1.085 5.337E-5   
  1.095 5.36E-5    
  1.105 5.38E-5    
  1.115 5.399E-5   
  1.125 5.421E-5   
  1.135 5.447E-5   
  1.145 5.476E-5   
  1.155 5.508E-5   
  1.165 5.542E-5   
  1.175 5.579E-5   
  1.185 5.62E-5    
  1.195 5.661E-5   
  1.205 5.701E-5   
  1.215 5.736E-5   
  1.225 5.766E-5   
  1.235 5.793E-5   
  1.245 5.814E-5   
  1.255 5.829E-5   
  1.265 5.839E-5   
  1.275 5.848E-5   
  1.285 5.857E-5   
  1.295 5.86E-5    
  1.305 5.853E-5   
  1.315 5.833E-5   
  1.325 5.805E-5   
  1.335 5.776E-5   
  1.345 5.754E-5   
  1.355 5.743E-5   
  1.365 5.741E-5   
  1.375 5.746E-5   
  1.385 5.75E-5    
  1.395 5.751E-5   
  1.405 5.747E-5   
  1.415 5.742E-5   
  1.425 5.741E-5   
  1.435 5.745E-5   
  1.445 5.757E-5   
  1.455 5.775E-5   
  1.465 5.799E-5   
  1.475 5.828E-5   
  1.485 5.856E-5   
  1.495 5.877E-5   
  1.505 5.884E-5   
  1.515 5.881E-5   
  1.525 5.869E-5   
  1.535 5.853E-5   
  1.545 5.83E-5    
  1.555 5.801E-5   
  1.565 5.768E-5   
  1.575 5.736E-5   
  1.585 5.71E-5    
  1.595 5.688E-5   
  1.605 5.671E-5   
  1.615 5.656E-5   
  1.625 5.642E-5   
  1.635 5.626E-5   
  1.645 5.605E-5   
  1.655 5.584E-5   
  1.665 5.567E-5   
  1.675 5.556E-5   
  1.685 5.548E-5   
  1.695 5.538E-5   
  1.705 5.52E-5    
  1.715 5.493E-5   
  1.725 5.46E-5    
  1.735 5.425E-5   
  1.745 5.394E-5   
  1.755 5.37E-5    
  1.765 5.349E-5   
  1.775 5.326E-5   
  1.785 5.296E-5   
  1.795 5.26E-5    
  1.805 5.221E-5   
  1.815 5.181E-5   
  1.825 5.141E-5   
  1.835 5.098E-5   
  1.845 5.054E-5   
  1.855 5.013E-5   
  1.865 4.977E-5   
  1.875 4.945E-5   
  1.885 4.915E-5   
  1.895 4.882E-5   
  1.905 4.844E-5   
  1.915 4.801E-5   
  1.925 4.756E-5   
  1.935 4.711E-5   
  1.945 4.666E-5   
  1.955 4.623E-5   
  1.965 4.579E-5   
  1.975 4.534E-5   
  1.985 4.488E-5   
  1.995 4.441E-5   
  2.005 4.397E-5   
  2.015 4.355E-5   
  2.025 4.316E-5   
  2.035 4.278E-5   
  2.045 4.234E-5   
  2.055 4.173E-5   
  2.065 4.1253E-5  
  2.075 4.077E-5   
  2.085 4.03E-5    
  2.095 3.982E-5   
  2.105 2.507287E-5
  2.115 2.507287E-5
  2.125 2.507287E-5
  2.135 2.467E-5   
  2.145 2.398E-5   
  2.155 2.346E-5   
  2.165 2.301E-5   
  2.175 2.258E-5   
  2.185 2.22E-5    
  2.195 2.188E-5   
  2.205 2.162E-5   
  2.215 2.141E-5   
  2.225 2.125E-5   
  2.235 2.113E-5   
  2.245 2.104E-5   
  2.255 2.09E-5    
  2.265 2.069E-5   
  2.275 2.04E-5    
  2.285 2.005E-5   
  2.295 1.97E-5    
  2.305 1.938E-5   
  2.315 1.906E-5   
  2.325 1.875E-5   
  2.335 1.848E-5   
  2.345 1.83E-5    
  2.355 1.823E-5   
  2.365 1.819E-5   
  2.375 1.812E-5   
  2.385 1.796E-5   
  2.395 1.771E-5   
  2.405 1.741E-5   
  2.415 1.711E-5   
  2.425 1.683E-5   
  2.435 1.656E-5   
  2.445 1.631E-5   
  2.455 1.607E-5   
  2.465 1.584E-5   
  2.475 1.562E-5   
  2.485 1.542E-5   
  2.495 1.521E-5   
  2.505 1.499E-5   
  2.515 1.477E-5   
  2.525 1.455E-5   
  2.535 1.43E-5    
  2.545 1.401E-5   
  2.555 1.367E-5   
  2.565 1.329E-5   
  2.575 1.292E-5   
  2.585 1.259E-5   
  2.595 1.233E-5   
  2.605 1.215E-5   
  2.615 1.203E-5   
  2.625 1.194E-5   
  2.635 1.184E-5   
  2.645 1.17E-5    
  2.655 1.154E-5   
  2.665 1.134E-5   
  2.675 1.11E-5    
  2.685 1.084E-5   
  2.695 1.056E-5   
  2.705 1.029E-5   
  2.715 1.007E-5   
  2.725 9.91E-6    
  2.735 9.81E-6    
  2.745 9.76E-6    
  2.755 9.73E-6    
  2.765 9.68E-6    
  2.775 9.6E-6     
  2.785 9.49E-6    
  2.795 9.36E-6    
  2.805 9.26E-6    
  2.815 9.18E-6    
  2.825 9.1E-6     
  2.835 9.02E-6    
  2.845 8.91E-6    
  2.855 8.77E-6    
  2.865 8.64E-6    
  2.875 8.5E-6     
  2.885 8.36E-6    
  2.895 8.2E-6     
  2.905 8.03E-6    
  2.915 7.84E-6    
  2.925 7.64E-6    
  2.935 7.44E-6    
  2.945 7.27E-6    
  2.955 7.13E-6    
  2.965 7.01E-6    
  2.975 6.9E-6     
  2.985 6.77E-6    
  2.995 6.63E-6    
  3.005 6.47E-6    
  3.015 6.33E-6    
  3.025 6.2E-6     
  3.035 6.1E-6     
  3.045 6.01E-6    
  3.055 5.92E-6    
  3.065 5.81E-6    
  3.075 5.67E-6    
  3.085 5.52E-6    
  3.095 5.37E-6    
  3.105 5.23E-6    
  3.115 5.1E-6     
  3.125 5.0E-6     
  3.135 4.9E-6     
  3.145 4.81E-6    
  3.155 4.71E-6    
  3.165 4.62E-6    
  3.175 4.53E-6    
  3.185 4.45E-6    
  3.195 4.37E-6    
  3.205 4.3E-6     
  3.215 4.23E-6    
  3.225 4.15E-6    
  3.235 4.06E-6    
  3.245 3.96E-6    
  3.255 3.85E-6    
  3.265 3.74E-6    
  3.275 3.64E-6    
  3.285 3.56E-6    
  3.295 3.48E-6    
  3.305 3.4E-6     
  3.315 3.32E-6    
  3.325 3.24E-6    
  3.335 3.16E-6    
  3.345 3.08E-6    
  3.355 3.0E-6     
  3.365 2.93E-6    
  3.375 2.84E-6    
  3.385 2.74E-6    
  3.395 2.63E-6    
  3.405 2.53E-6    
  3.415 2.43E-6    
  3.425 2.33E-6    
  3.435 2.22E-6    
  3.445 2.11E-6    
  3.455 2.0E-6     
  3.465 1.9E-6     
  3.475 1.81E-6    
  3.485 1.72E-6    
  3.495 1.64E-6    
  3.505 1.58E-6    
  3.515 1.52E-6    
  3.525 1.46E-6    
  3.535 1.41E-6    
  3.545 1.37E-6    
  3.555 1.32E-6    
  3.565 1.29E-6    
  3.575 1.27E-6    
  3.585 1.27E-6    
  3.595 1.27E-6    
  3.605 1.28E-6    
  3.615 1.27E-6    
  3.625 1.27E-6    
  3.635 1.26E-6    
  3.645 1.24E-6    
  3.655 1.23E-6    
  3.665 1.21E-6    
  3.675 1.2E-6     
  3.685 1.19E-6    
  3.695 1.18E-6    
  3.705 1.17E-6    
  3.715 1.15E-6    
  3.725 1.13E-6    
  3.735 1.1E-6     
  3.745 1.06E-6    
  3.755 1.03E-6    
  3.765 1.0E-6     
  3.775 9.8E-7     
  3.785 9.8E-7     
  3.795 9.7E-7     
  3.805 9.6E-7     
  3.815 9.4E-7     
  3.825 9.2E-7     
  3.835 9.0E-7     
  3.845 8.7E-7     
  3.855 8.6E-7     
  3.865 8.4E-7     
  3.875 8.2E-7     
  3.885 8.0E-7     
  3.895 7.7E-7     
  3.905 7.5E-7     
  3.915 7.4E-7     
  3.925 7.3E-7     
  3.935 7.2E-7     
  3.945 7.0E-7     
  3.955 6.7E-7     
  3.965 6.2E-7     
  3.975 5.5E-7     
  3.985 4.5E-7     
  3.995 3.2E-7     
  4.005 2.0E-7     
  4.015 1.1E-7     
  4.025 5.0E-8     
  4.035 2.0E-8     
  4.045 0.0        
  4.055 0.0        
  4.065 0.0        
  4.075 0.0        
  4.085 0.0        
  4.095 0.0        
  4.105 0.0        
  4.115 0.0        
  4.125 0.0        
  4.135 0.0        
  4.145 0.0        
  4.155 0.0        
  4.165 0.0        
  4.175 0.0        
  4.185 0.0        
  4.195 0.0        
  4.205 0.0        
  4.215 0.0        
  4.225 0.0        
  4.235 0.0        
  4.245 0.0        
  4.255 0.0        
  4.265 0.0        
  4.275 0.0        
  4.285 0.0        
  4.295 0.0        
  4.305 0.0        
  4.315 0.0        
  4.325 0.0        
  4.335 0.0        
  4.345 0.0        
  4.355 0.0        
  4.365 0.0        
  4.375 0.0        
  4.385 0.0        
  4.395 0.0        
  4.405 0.0        
  4.415 0.0        
  4.425 0.0        
  4.435 0.0        
  4.445 0.0        
  4.455 0.0        
  4.465 0.0        
  4.475 0.0        
  4.485 0.0        
  4.495 0.0        
